20339
56929
259830
256687
84520
19108
16999
175791
269242
30997
128841
275696
14725
24939
26011
243752
18755
40912
9771
209049
16299
350505
255491
41671
20591
270851
332839
44909
49885
66892
31687
15426
71626
116463
341886
29559
36239
46364
17306
74915
12718
33495
64622
288445
161285
307226
41120
123024
36872
137366
42299
53218
341244
31743
46105
29475
411023
70349
46069
64786
77801
350060
453191
11304
58500
15976
3478
147729
119324
31410
1964
284278
337958
4352
85743
85743
37628
68419
407445
438446
5051
17234
263111
17210
60859
250578
191726
44453
16390
173455
30125
28577
51730
29515
101449
101449
50081
86577
254005
19254
22599
14541
54146
44662
31651
97211
62694
18164
360603
5622
19171
30054
32513
53023
14132
201281
14589
28268
173484
252067
40810
20330
88765
98344
40081
338913
21296
27273
28333
185738
42488
52989
27172
333384
15412
37929
333384
330007
13372
3423
292177
289575
21887
19433
18098
29804
4486
11387
36123
71186
58159
392664
126909
324284
20417
14518
37845
18860
38187
40860
263510
369058
32317
14064
95754
157301
424600
42360
37351
15390
36162
32531
39857
214209
49007
50542
13337
49007
61765
9025
21145
26379
142115
350845
36124
12424
33774
36741
186729
16170
16555
212470
30117
34280
21735
47904
18683
23196
26
41282
21567
29946
69872
59401
96664
27378
38557
41993
23333
333658
354285
32233
226208
26327
5481
42305
15724
16516
41902
55624
121869
32221
18484
50573
81242
437031
47397
22256
67062
35650
88096
14763
31935
276537
249142
31189
37420
42473
128104
5425
13245
15182
19998
59944
413736
36610
73203
17382
128133
37932
431479
430447
29924
14809
1962
37327
218993
27313
22240
81033
31600
28997
51971
62276
277662
28029
68252
26520
25918
20238
22301
201759
26329
376873
29481
29481
362409
84187
24130
42553
44680
72013
106685
40244
16998
14464
43103
360551
28715
412758
36614
19688
4993
54330
91680
42738
39845
15802
41469
79509
30793
29052
8471
129850
121830
54117
42517
38874
50272
26573
400387
22910
19731
128341
83088
361403
94671
50536
38925
39276
253270
469872
20107
39469
366080
28436
298026
29967
52123
12478
284274
35645
17628
114718
180891
120802
39931
102639
51442
382190
30913
22029
43560
78546
71208
117534
254526
362227
21874
17700
30855
333112
52475
58191
297362
11403
47474
27298
40045
46004
31583
18295
15661
41291
16882
31166
43571
42422
112936
300672
46675
13664
467248
360339
61178
326420
39578
61178
385390
47817
44221
41952
26337
22189
37813
65137
58615
15437
248934
33632
283201
26725
46853
136585
18089
6474
12653
3072
29077
187462
381070
42619
267804
403499
56704
18273
12128
37244
9565
375895
55731
204904
246133
32612
24575
40435
20307
78080
359787
328820
39341
40087
27396
55448
381935
282313
19850
204784
61294
158150
353440
32643
359228
50687
42695
65203
103516
172785
201365
42882
27916
398798
330070
20626
122372
39814
14484
45970
11388
10011
58903
24029
401061
65892
363689
38809
17952
16790
363111
251783
356216
251979
82115
272160
410118
10969
291290
33380
18015
14025
17141
20919
31774
309889
21295
13948
12236
27296
50942
30778
216541
39283
46728
183412
26452
31385
21266
77677
120092
61341
16268
32679
64687
38500
18217
241958
12587
413857
14443
172767
83880
161782
109786
345931
40742
66788
357681
373446
352812
57419
105325
60800
315010
5071
51406
84179
372754
20553
20561
269711
362476
13894
33324
126314
29451
187662
28740
60316
3476
20110
48347
342381
44524
21182
63178
68200
388885
405815
108930
45005
51357
48169
56340
88920
46785
18493
33357
448448
10387
256546
268660
43841
48671
39543
52762
84079
26935
52762
301235
26933
89456
46510
30177
51802
31510
29933
442750
10309
39693
26167
11466
53430
103717
56341
52556
197725
27117
35568
1843
324963
61462
21290
27425
44472
185987
24092
20025
14902
13317
215828
55207
465078
27973
23620
42152
37185
23620
27973
42581
38010
34207
127409
63144
209840
32517
44379
262240
22650
36102
16934
31262
30691
174340
400020
37403
37403
402543
171910
36606
27265
32334
15651
85878
36253
173467
257932
15696
56547
2111
2588
34783
21156
48508
16194
29657
16194
45336
36724
1050
39940
43614
52885
70862
29461
15736
40452
44458
57978
33015
97351
18422
17345
48161
136921
26502
40074
53429
31183
31948
14670
356846
56616
39222
4975
68713
57784
52686
52803
41089
289510
30587
25278
333367
38185
2528
22555
60228
50253
60899
27359
23033
360341
38183
40827
23152
13204
16771
224746
1896
39333
56295
25143
14584
119321
2004
2004
359892
25221
17452
13650
39259
39391
18644
36554
43559
456558
120143
42135
20049
74458
185744
44658
19661
39067
18174
18174
202059
406992
70199
1676
169800
391629
23159
426254
20506
39263
21736
21142
11556
186988
33081
34637
163710
77175
38720
18989
53129
18257
38190
37951
32850
34655
18642
24005
325365
300090
74626
32195
29107
288301
339928
43759
11613
14898
41857
373546
455349
328480
176088
34774
57100
19293
43277
32060
45295
44925
18206
39074
25625
28156
13802
34220
54000
230779
31104
17922
199341
41278
32105
4820
13064
35583
30528
26454
319326
352334
426825
259233
5592
16394
29347
10111
58204
61005
57544
39991
60555
279973
347647
61005
10408
30653
20712
3542
77957
4883
30204
32158
36234
19414
376047
35780
26182
36784
18247
9719
43397
287935
64383
13141
19664
84797
26126
15568
383682
3574
50173
77294
115547
19187
31325
27023
18080
105945
22694
445030
26450
30128
19508
24080
34101
114108
29710
19126
14652
57047
71041
286101
428687
181808
21241
20860
24632
144410
79982
144410
28148
42233
29135
28051
79036
41021
45438
30348
31618
2989
9514
339739
28370
262903
39002
21291
323679
13966
18303
13966
36515
358644
29291
45779
239030
353879
28981
34765
81330
160220
39141
369245
53955
40885
170039
383524
33491
27683
40353
19423
36222
14930
65945
27594
56705
27767
39916
58613
15936
261768
26636
12648
60302
242546
37714
32654
421443
57417
27859
15162
27859
55246
103173
324245
63996
24020
70876
105885
44625
37708
14440
30144
29151
28396
87019
26677
244580
214758
278736
19066
186606
26840
9337
24558
55470
52213
64108
199914
45878
262788
277610
27202
362140
181565
77444
296690
5822
55229
135461
402976
257912
23096
40394
339060
393306
50346
100542
361043
19727
45017
399624
370765
38828
338827
80973
26555
37526
12261
52682
17135
40231
394499
18357
229138
299553
183258
19593
26958
68472
40688
328763
48374
116853
74629
226948
35945
60366
132250
114574
26233
17100
73933
280617
255278
41235
217896
55377
233320
62466
26959
31388
21029
219247
381325
220677
252360
188489
4255
119117
14642
277399
44645
25936
63935
393961
411909
441444
32532
294959
91262
37209
89874
355600
20679
146837
407368
43924
49842
22595
42359
37941
16914
18889
357786
118665
389677
30903
43774
43631
11214
16919
50030
159140
440767
83589
49845
33360
382892
201198
426284
35053
256421
269340
473812
250798
29047
37100
41240
78101
22908
26408
141819
412293
210293
27841
19968
15319
14525
57564
460508
59087
311301
44708
32274
82941
98541
2264
49930
84286
26290
47860
353989
26797
26614
25650
42008
282502
18279
45129
427451
485504
40863
22617
90098
15975
429191
63443
239367
255413
46033
25527
31936
37055
20968
41277
64397
88212
63025
196761
63025
28974
37684
51111
51144
25647
22627
362610
18450
2974
42601
43317
70115
25563
4267
62756
32558
176403
367760
8927
2443
38813
63892
21810
377823
399366
20882
10686
45576
8426
139777
347520
320996
18926
270886
19957
41999
91979
394822
12612
12612
14759
296449
27952
22559
75562
364902
370076
64711
288587
677
36131
54890
50166
27141
65296
314285
104176
91487
33457
91487
104176
416249
315439
448763
118663
40411
24200
320420
250535
377690
46028
413452
87380
16344
251220
37922
74053
272875
118013
32690
12432
26488
336664
426808
42102
11193
43278
56399
38047
28093
17447
80688
159967
222772
39130
174326
304023
55306
31556
85110
22509
34013
38688
81460
26191
56969
444291
209232
31270
33110
12179
19670
21719
11599
8900
34372
32050
24349
237305
34372
127862
2587
4025
2078
49418
52663
42845
59210
25519
81900
84107
213417
43124
139937
4407
28001
97340
14251
381058
390592
28564
287703
32528
187541
266084
21879
21038
43678
9774
18846
52444
6414
17198
298445
291155
25010
14432
32161
49273
377492
413655
13140
69787
42950
59881
16916
20413
27686
80219
24568
32428
38724
30707
43713
145711
16191
14848
387801
16315
27994
25392
20932
59238
33055
52302
294466
94354
88013
415036
21766
206260
361263
24180
66607
67342
88573
316885
21707
83456
33104
2302
30308
346134
315946
34989
10844
62678
220845
212503
72693
448847
17320
40829
42466
248601
169642
57961
32152
74295
375569
36855
14657
122126
96231
8908
41426
42453
18125
37227
141423
70345
96035
330171
190940
16174
81273
77010
39958
70512
3126
64450
338803
42725
13072
72214
373922
11019
16624
54865
62077
241224
41780
9295
333555
39176
61930
33660
42205
32611
62883
14687
26503
21173
42703
17082
12416
19201
47737
31622
360604
333657
25833
31064
26190
13611
26798
24561
14755
17027
202215
24561
26798
14755
339543
140441
197583
250572
38849
31581
63375
19174
314996
14390
31692
81895
298016
20656
19300
60863
225285
1841
1842
53949
11813
32926
254918
253303
24747
31696
17770
36075
134812
289716
153133
13503
19415
299221
404580
4457
26881
240881
366018
27134
254672
13578
30886
352372
13390
64976
42215
49037
17741
103122
38921
49998
147684
300425
11084
378029
5721
24499
155887
7009
18627
55632
35201
78570
46064
169644
192210
22976
24097
18826
43575
14735
12625
62761
44991
289269
461971
29812
24868
20781
58258
371463
391975
409954
41651
16612
103597
84449
31633
42802
75826
246449
30787
28155
168027
34800
13710
458621
249147
111427
252168
17821
50765
56913
184712
13517
62589
41574
24663
450932
343701
357563
28925
55680
192126
245169
245169
15476
335788
17172
26334
22609
62593
228185
445768
27545
24646
23807
126509
16208
27387
19564
10251
295723
14847
36089
199556
14683
18773
24421
188839
356486
20381
407627
40217
19058
61755
44936
20004
19495
15423
78047
36421
360225
92397
124972
365592
214256
18825
90122
267268
95667
55687
55281
378092
20432
15581
10104
35710
260372
336167
31278
31287
41848
31245
32148
71235
432615
20313
460492
421131
347968
397794
13015
242575
246202
31427
14271
45698
72095
325388
28273
57922
43339
344556
413666
43344
1386
353460
17871
94525
14421
18128
19349
52679
44468
33604
414453
33202
26461
254065
5804
171160
402897
27861
57892
97513
311054
374251
263475
43516
51110
41784
432959
49106
50912
62437
20527
6079
36096
118667
374452
23319
14572
38545
15990
55106
261192
409122
352164
59892
16990
34015
13241
51022
78214
242458
34303
53064
393443
17895
35711
97044
41292
92243
24381
158483
45935
33295
368065
68555
36092
49815
42632
44448
11985
57472
60895
127144
282268
238185
31805
185025
27904
126692
54083
46799
38606
74961
47714
38714
39029
186975
53122
312152
264166
273
50476
33475
428948
28050
74658
35265
13777
39828
20894
20894
36432
51366
72066
75190
31993
253266
347688
167190
30636
18614
36682
39885
54392
62676
33253
34295
21336
21625
23150
21336
21625
17820
13206
45267
75442
40929
57996
297721
26813
23609
342163
246524
37234
37533
19715
11627
9840
54358
44620
36334
21184
32990
44734
59388
301274
259
319070
33419
30091
38772
41054
80427
78237
32110
230726
24003
175041
32228
69785
50128
43884
43987
47095
43865
42122
71571
34778
283389
353501
3048
51939
32107
104396
14820
6547
17660
49207
16618
25014
49096
18510
173443
69715
41116
20683
59110
37451
382883
30593
51359
56800
19723
22167
51367
404604
5845
24569
48868
86261
48868
18790
47837
86261
181656
235662
29369
31701
31718
43605
58770
25664
28054
1652
8269
18421
13315
407650
40047
19513
266102
179154
22100
29134
9048
1882
43236
151870
31152
37672
21779
202960
60437
54380
33336
33813
75525
180405
26286
400174
21240
25335
73530
32109
31671
18707
34277
4857
6967
58094
52859
45990
32539
425961
371464
2777
42729
28438
29067
221437
17990
40420
54979
261857
26769
28216
14583
51249
37857
390437
391618
398366
439552
31179
24243
38559
14441
14812
31010
20347
20347
40206
39495
22314
22328
173177
14590
47046
69217
47921
28307
42914
327383
90147
46024
33753
10171
63274
127717
381018
381018
463063
18908
26730
41243
61591
33794
31563
70808
70757
24458
26138
15654
29882
250745
363486
42035
26504
513
14649
53478
32450
19929
51216
77469
329063
40025
15711
43829
39164
28692
50704
277934
12504
419459
19323
20457
4460
20546
43542
57809
47939
20546
361613
42469
50435
34014
59424
23614
62255
42668
17804
27448
378485
334682
390253
3581
42507
11684
62368
11684
121602
242409
22090
12455
56338
209204
15361
14653
16604
46910
141102
308447
340030
24410
35813
70555
173863
28170
42532
33575
42532
204053
4281
2193
19051
21078
20164
47249
42345
38800
62675
272420
418093
389630
35392
30162
59500
46976
42332
267955
323426
196032
39260
30285
36224
48463
136698
19137
5898
26267
31329
53045
83890
18219
27997
16231
3115
30145
44490
32061
106143
167948
248842
19297
19950
43380
53425
33721
53875
34461
39973
51036
216790
24631
13692
346570
298533
252674
30374
42579
92493
19503
9628
47707
279997
130490
134096
369228
20027
56959
45169
37822
1693
54940
459947
26446
36049
42286
228245
228245
110397
18359
8344
33789
411861
136701
18557
26700
7088
31932
92424
146712
15460
333665
52817
30080
16020
40458
13336
40458
245855
27351
18666
58611
308715
243451
42418
64631
101998
357974
38509
27679
31012
12697
85050
116723
26463
412520
44866
16385
21311
133701
26116
21014
47892
45347
38536
32219
10917
43754
40251
79906
97794
20357
47259
35002
289097
408626
28677
376003
14094
16324
91052
47194
45795
13334
22315
44978
4288
15467
85191
14505
388862
342149
42556
42707
28389
19713
36372
31690
137370
40469
37843
19976
52748
210079
256766
31013
40983
45693
40722
76212
205939
49347
222430
62236
62527
285270
49352
49352
102222
35257
25867
71142
80034
82685
25950
147554
32053
230206
404073
26642
41417
58448
401222
11376
191824
154972
42424
42424
401065
142591
273238
36759
16365
48015
140894
273621
96882
27740
44008
27348
27295
15542
48637
39462
45682
48871
62009
34604
55045
11955
43109
135858
334088
18556
79544
189021
322443
9601
278347
39027
211166
404516
374609
28746
24113
42187
58797
27391
18543
302026
389425
37529
29621
416149
52788
87584
347757
53080
77068
20047
52263
11155
5733
36259
41656
299710
352988
43353
62044
16080
15639
22450
57313
24432
22130
117856
248561
22727
11122
294682
436343
86517
57656
13589
29751
236317
60567
85441
39915
216652
329038
288706
451995
139753
45999
44549
364089
427416
126400
354396
282376
324181
394653
13651
36878
75571
15185
81716
342165
140405
431892
38189
94794
432799
8211
56978
20886
42984
39872
417489
363093
206953
22460
46975
198306
45485
32520
36257
46595
265349
390
44383
32008
37329
46697
161803
12722
42164
68540
26851
50127
43817
360404
38812
347
428099
50553
48130
50553
46026
143010
47060
49956
75825
28288
322488
36498
220494
41464
385805
336669
19978
44864
54184
74914
118668
14604
15292
180383
26701
37610
48139
173205
250665
317
12527
58736
54563
53807
252520
5061
34208
56260
311770
186835
330068
34933
15501
130924
68208
392891
40346
48336
38022
127401
295538
412950
448565
40687
20720
16156
134103
334924
10241
139
83761
71179
20870
10241
121998
38282
27007
54880
13762
298664
214138
24863
47911
38821
16137
47907
55343
32023
38248
353898
332179
30901
40911
43260
35848
30901
95482
134632
33506
35574
16514
15640
44049
40140
22916
3007
46260
45130
70712
97481
15725
39851
39851
457064
396616
308160
311764
27169
2363
34899
29082
221510
81217
238811
53413
319994
14595
17200
2574
84473
35032
24486
35032
24486
84473
36228
56531
42529
34282
14336
21710
4734
37635
43708
108176
228009
347870
320001
25462
23618
29415
13898
10807
20278
43349
41091
138665
399300
18072
42344
29589
42787
43319
94196
22471
39269
71744
58700
336660
267481
41796
10910
267481
336660
25852
28448
13296
25501
60194
49270
15382
11512
10271
836
79824
74341
216457
110148
1785
11402
14842
16221
53424
11763
140979
73576
40696
436827
43636
353732
15761
52660
159667
25168
429496
346034
24822
21622
13617
3547
248946
184846
21665
8447
18646
42130
32563
110345
14808
257245
48775
38080
32115
37984
25532
20674
202573
43130
28421
16639
16155
311181
347660
63360
48753
19322
52105
395769
12449
24786
38558
11947
51394
54148
274415
41946
57624
264555
80709
2002
4199
33108
33108
2002
11956
25361
61280
56135
28257
33851
15036
16006
41441
257343
4798
24111
65946
165463
14862
52605
42216
38731
165463
14862
38376
32292
70410
79733
95919
16700
142096
17207
21366
42635
53514
287483
67737
39504
17658
33734
19740
16767
246011
23626
442
70815
48259
141095
169068
42599
5228
15264
3418
5928
30876
315669
47359
30149
44921
1803
231401
26817
25385
8434
31342
105789
143819
324150
20513
18710
20458
27003
35188
39062
35837
38617
21795
17005
35580
129865
136406
11799
136406
35580
107178
369059
129865
310567
323659
40060
35343
9547
19059
21200
42048
26901
287611
37481
39044
46458
61139
24951
50099
24951
375345
39342
68146
52830
240913
61400
61752
215924
293205
106493
62660
31532
31016
253622
40451
31781
35250
8421
51997
159937
14891
76175
54008
78862
253484
299438
135047
159090
44853
48417
77759
101514
21413
23967
35284
26675
282248
28121
15266
36288
53923
122044
84323
224233
17761
373838
63564
43837
44046
48448
32387
159100
121604
15435
87548
27201
107548
19636
36055
13099
41587
43804
51195
24231
25447
26200
316654
345306
56448
27465
33545
14402
55150
298935
26984
27885
19085
2778
57141
15420
220820
337104
111815
63590
68773
28028
353419
57210
317930
54087
2608
2979
173603
13816
43643
19893
60587
124117
124117
19893
20859
13740
46625
28656
38554
30690
13735
35212
44263
106631
366901
52736
16930
376004
36915
69794
153013
193261
193261
69794
242555
29290
139380
359025
37665
99223
49004
270064
207273
353378
326247
370992
51490
21882
14196
19934
23945
67221
406298
347477
53729
54554
375811
398265
132957
35197
32033
25631
27320
9497
22633
362434
31643
32590
44219
395938
34814
39195
21033
17938
56164
27549
46690
17126
15418
30885
172721
158246
333884
448252
27253
9883
114168
472838
47891
25154
333091
20435
44897
66767
29064
43115
406115
21891
18441
45009
62817
93077
17240
39704
47761
362046
48490
220746
104109
388243
48397
77812
280016
114789
37190
52868
159897
384725
23736
120478
67308
35139
28650
34559
67673
44548
20066
40661
49158
343097
24593
101733
32305
344147
279977
141058
21260
258210
54469
66608
45361
45778
405932
33155
275985
365995
15900
297702
145668
31460
39862
33519
9596
26397
427008
34505
18942
433919
296029
481817
189215
348675
70966
452406
280467
398718
23155
26237
43352
359105
44445
317384
333350
17077
27937
20122
25461
27935
16765
29450
64468
38060
393184
276137
95597
468302
442087
40650
329697
328848
118670
26621
42512
29266
122023
376252
256836
319600
380075
50914
112722
41584
27934
78507
41903
49462
145349
24984
31514
43584
378813
27511
49934
27511
52047
98193
376534
37952
43100
118669
49780
44999
70342
375428
370980
18851
48672
34045
53505
101915
200145
23574
328346
16374
31742
31525
23148
47757
8286
134990
361475
39934
989
46825
67297
284279
289232
20629
23587
378446
245003
25783
23452
71579
285689
53224
32720
99189
32689
53165
12652
40574
50011
56370
15320
41017
67740
186869
30142
30789
51378
127320
20975
39555
441728
33421
46911
24453
61991
192142
48955
44801
39788
48116
63418
70412
88766
87233
54291
106112
374856
41378
42790
41378
58596
39123
4556
2817
19521
17435
35170
58937
55825
19493
58714
14962
46492
74694
18875
16176
72852
13247
13247
29406
64946
346489
53419
42999
291154
297755
40856
28293
32336
35494
10541
38705
61044
110496
118769
84154
28730
39834
39834
39895
19757
299576
26525
62934
52512
55836
42522
42225
46124
50401
110447
264085
333375
45261
63147
49967
228339
12541
463861
246422
228339
381645
26886
27016
33556
22537
34377
63647
229194
191104
223895
27342
42010
42021
37124
57663
51912
121640
23767
39376
58156
55151
42973
352552
3539
2444
13259
17831
20789
30112
55976
83091
262137
48350
43012
56623
42839
60897
60981
47383
45218
67167
20607
249926
7860
11396
18031
63561
32166
11226
47018
27720
34145
49836
17175
25770
92117
291868
92117
25770
291868
361787
409164
37305
16076
14594
685
148656
43346
43490
35068
31857
55650
42193
48145
65317
421632
123797
42193
421632
26866
74080
14596
21594
34068
38180
86549
49511
33494
391617
24621
25975
25113
77304
76465
242606
214418
209413
19050
188070
56975
53896
41244
284995
417047
43882
5122
1899
29101
72272
91088
288585
36133
2186
25388
17278
8933
49742
82362
37988
38775
416786
388403
444109
2265
21136
8443
45665
68895
55305
38830
40072
33570
50541
337708
25720
22025
43739
50197
334557
159389
43864
24570
36773
40577
37062
20742
20067
33691
3173
40037
24916
49483
49314
356268
247954
30839
3037
288708
241004
27843
4286
26277
17629
42564
29822
366568
131940
18643
64566
36085
127901
15414
20969
39127
31354
371451
16404
21982
41090
140447
314371
282672
220620
37193
118248
150093
409307
321030
26124
13984
36971
361380
127495
15513
25313
19103
68275
62131
68275
412518
423377
293238
15075
38560
25869
13351
46406
40976
37923
229328
67509
175541
32924
29966
20929
8410
38405
340488
404579
4928
224
18692
8441
38349
42000
33592
39829
48140
29078
18096
31361
27176
84191
60041
380121
31462
74544
74544
31658
20003
19203
18420
40961
60631
16351
52939
28478
33152
3025
20359
18665
81367
191566
68046
108204
347666
21138
33472
29694
34151
35634
45179
36629
55848
80441
283536
29106
14192
103742
388191
261036
287692
4934
47850
21242
17133
13352
15436
19096
31776
59044
48482
62143
40155
110272
159774
419566
32446
5753
18777
38701
17214
28681
25297
9627
271200
227075
48485
4925
30999
48495
50153
336121
432787
333678
54770
53299
227425
173737
11572
18731
25874
11957
35685
66599
64736
190627
190627
35685
239033
389272
24073
1256
51609
55628
84201
15925
15943
133396
401689
27323
277847
449503
30644
40729
43715
70418
303281
31446
12183
24567
31061
32332
204768
20223
39988
294538
30554
362156
20160
43737
96631
299822
227325
37744
91767
40188
53100
40188
21148
17728
76706
186610
5494
75822
30331
32338
45522
354870
394645
53157
214464
14877
9379
53354
39850
70811
27371
121597
87710
65015
28209
214140
180688
289198
339355
415633
452895
314420
421601
28180
37938
16427
22858
18449
134215
62103
10462
22731
54007
63348
26946
47168
77235
73943
47818
32014
438734
27328
38147
37746
38343
104477
14570
28229
38267
36047
323966
42211
18524
343010
11539
33666
7483
403964
137876
403434
333387
211711
347629
71885
402370
260947
17691
208234
158967
80829
127594
284460
83390
27614
34093
467239
28324
24921
347849
21605
19551
331116
70863
370234
44630
39083
27860
34743
32571
49679
18122
27860
32571
10788
51273
37460
239019
22379
32932
26710
47822
464867
45314
178408
199933
73963
58718
94603
39158
185497
22718
33305
107059
36929
87503
387989
36693
35040
115084
24799
177552
41445
21373
48669
298025
2038
26655
266433
340213
19725
19725
437399
27637
28820
33783
24392
30289
74779
217787
14619
47475
41434
95547
196385
291347
10042
271331
21954
63988
135877
301337
351064
481850
200032
38377
38387
27072
273059
336026
200470
27322
31890
396232
14733
26360
29587
422141
101482
48496
42241
344170
33740
391709
55192
84250
11392
27375
32836
17800
56122
51391
104251
21967
39024
67273
369373
363413
376823
34759
15156
329303
167956
284135
44361
46756
33222
50987
48736
134908
13174
151044
40987
378441
359108
43798
16284
17181
197393
46917
284606
29971
24179
10308
217720
27865
113388
432139
66540
24457
47324
16661
313108
171711
362178
81210
168864
385962
24553
12823
53136
87017
66834
69891
180651
389030
37588
35010
64524
47505
50856
60797
61410
66177
320005
117751
51722
353311
26235
19962
56544
56544
215993
262009
310442
329241
2740
286
20211
41131
56379
434
71827
38643
44297
72933
84195
36495
88762
25796
73448
71827
25908
42612
59434
50861
246308
259460
380762
300823
426264
24858
27287
31146
44775
227493
378137
253639
58591
451499
167179
46558
64624
140554
180644
78563
42337
74873
56142
66775
32535
37068
160075
26752
250577
51486
885
23153
38621
29952
22386
