11224
599
548
705
11787
17057
16958
14551
800
1978
18671
11617
4558
19119
18995
20758
6646
24481
17221
52971
37292
87561
17409
4173
33839
32078
43388
25209
28663
15390
37327
50030
32690
25392
54392
1882
37329
74914
32563
88766
37744
28304
49781
30014
20088
43390
56518
39284
29381
22924
46990
23325
33474
23342
20153
37954
53854
67129
63179
27543
35404
34651
18262
43396
135530
83015
18281
93014
16939
90912
19170
67698
38751
53770
40767
58513
43387
68309
28433
74445
53454
37087
72669
97421
67159
38103
62661
46531
66991
34623
38664
151446
34931
66877
68625
46932
66880
61149
113921
103119
43391
87202
100307
36656
41084
193497
77609
73492
77566
57233
31291
52364
43386
94228
36331
39288
40858
61501
43385
103164
151310
88075
114896
50926
145813
81981
145811
85293
52974
100366
110465
29477
175999
151447
51411
146568
85747
32205
45283
32929
126900
62084
80031
111390
73684
160783
36516
102144
57628
54615
44398
51026
43392
147598
118979
37468
13101
35920
35547
36339
99838
87621
136772
111732
78482
164998
36375
55441
172223
80636
64456
74512
79401
90746
45941
73369
36338
74437
217565
37485
83116
30195
60506
188741
164949
25548
87222
226810
46995
68443
244101
236063
52847
96433
236111
164931
147810
126596
59821
258800
12092
845
828
702
488
10785
2769
25364
25673
13188
11620
32961
43376
32568
47697
16380
50247
45099
47473
46872
43372
53220
43379
26205
24774
23928
45966
20853
26712
39946
59401
45970
23152
38688
33475
17820
31152
43380
18646
45218
43882
50153
44334
28190
22985
61391
28434
25726
22968
18650
4461
70106
24512
43389
33673
36373
79253
41800
42567
100299
81724
80374
101557
25738
46844
25728
40683
43384
67145
53714
46043
39039
25876
67160
47184
67158
35009
79256
53751
53455
47555
66865
39409
46875
40533
29835
38766
22856
54139
74530
83749
44655
69784
33479
103956
145948
66851
67695
80596
108232
36922
174773
45588
66993
67164
56597
65534
25564
34269
87197
84757
60061
101508
83667
66878
145946
34708
68630
100339
68622
53718
77066
27544
41204
60520
66836
103165
74956
147903
44890
83081
129047
44592
37084
84747
29112
53014
43562
98328
51412
48849
87349
56719
121169
197788
48481
67506
79015
16089
115834
50444
60853
173797
33437
29467
74656
66996
37214
28561
73896
68976
30025
139485
43374
144414
36634
125264
84676
81987
47256
39018
27263
144121
35023
109364
84670
88176
289994
106016
61138
215056
46196
43378
72479
71652
91648
80040
234140
117239
43377
76088
36501
61960
43375
63400
124208
94108
34928
100384
90323
872
288
3782
3109
28971
833
5000
24008
11972
27191
32499
1810
43364
26175
31713
52954
1938
43361
38732
11570
83765
20324
34082
68822
28894
19171
21296
51406
43360
24005
59087
36334
24003
16618
4460
33575
41464
54184
10910
46852
85783
33454
41312
56167
61080
30801
62547
48252
84944
54200
43370
44631
18698
414831
86735
25551
67699
57522
120509
28431
97907
67163
51619
24004
43367
58182
84214
61095
56710
38417
54479
43369
66882
43961
84587
69116
80743
131074
67708
93775
26282
43358
111043
48627
26283
102161
48875
60547
30345
41228
67503
26009
94419
72675
39015
77057
63795
67706
55533
53651
81604
43368
43191
122946
53849
36918
235934
94177
67704
76015
61430
66874
69544
46862
40715
52230
44608
46997
52973
47026
43359
44804
55197
94618
41300
102524
109936
223243
33522
28056
25494
26242
60539
30024
147606
66989
118312
131473
71985
205463
205463
78265
66998
152266
187879
41173
63891
84903
166830
235877
102282
50549
74436
179439
199021
65703
119608
158693
50085
48407
99691
76229
48646
60535
37340
50755
4459
34711
65787
48883
66862
38404
259183
132654
54422
264131
94529
38682
81029
120932
51788
90968
93834
171019
117019
72472
179855
147882
86747
40996
391182
148355
176146
44025
187594
139204
169669
88677
52957
125358
10693
804
18148
204
759
8974
3110
632
11426
14580
10297
14696
30159
19997
12548
778
18573
10165
28696
25955
47735
20424
53210
19483
14117
20442
29376
29912
35073
6529
25009
27030
67409
18019
11578
47721
22733
24018
41462
16535
34857
3023
43192
63178
36554
16914
31936
19957
43344
24381
57996
43353
34933
127401
43349
15382
53224
43346
21594
40577
33472
45314
52620
41611
33743
83099
43350
43348
56402
118313
44692
45991
83813
74122
36949
32089
67600
65421
42502
71839
43342
44747
43351
73676
97917
38808
67736
13294
55503
61049
3014
128753
109539
67165
40165
68986
37198
22734
43355
74585
23293
43341
148356
37927
92010
119555
33754
40686
46709
36330
50208
37380
68620
31560
133119
41018
85498
66852
63858
1564
66985
66863
33924
66883
54352
31293
20621
25549
99898
76140
43356
28775
52365
23125
50694
54792
163036
11383
38388
69096
57220
48633
41468
158359
101030
43354
85367
43328
67624
67593
128048
111736
44140
26270
89158
104776
165869
89154
75901
44711
99224
82113
49176
204812
235813
151430
27399
67446
37183
172908
126891
72000
151393
93863
73602
53469
53581
63861
65489
77645
76418
34752
40744
45679
61502
18807
49575
89148
87218
145990
139264
150066
80032
120301
70525
91245
54601
163082
56886
235817
567
346
521
654
6620
405
1678
173
10973
16563
13368
11071
11848
26596
10178
20532
1936
3111
2748
43294
58007
31372
12766
34689
17729
27430
62395
16410
18283
43194
43195
13457
21468
35861
61988
18398
43329
23620
18174
43339
54979
37635
11402
35580
17761
46492
56122
66540
21564
82369
51044
36191
28363
45213
41503
42328
23045
28023
19618
43332
24973
63333
68242
73907
27443
23020
30034
2438
48954
83750
24442
34000
94176
281661
36871
24518
83743
43336
46363
83763
43337
138086
43331
150906
57575
40790
150875
20127
55859
31042
96546
47312
43340
31555
57217
89160
97045
197605
24212
12781
78852
147915
64782
35692
126124
93653
61447
83775
65994
75975
43335
43338
33224
56015
147905
86608
45993
73627
60551
23115
23115
99089
55508
64071
46842
74176
66870
51840
41030
74718
65799
43333
82046
97820
113843
57849
80365
72679
38962
76009
55510
43334
75121
112049
74810
74074
62396
142770
74753
107035
56011
120124
36522
153999
108345
198581
89725
65212
28560
44052
28661
245305
269981
39016
84755
80316
126280
84888
148766
85917
118316
79693
123186
96876
88679
147913
30036
39232
7983
19430
19430
199460
47149
54628
40872
56290
33544
23097
203046
92784
67173
83665
37195
61070
51227
218827
34652
107427
105536
141978
10340
221
3112
381
827
10653
220
11219
457
803
5506
10056
934
14554
18030
15919
43316
48035
5801
9077
11700
4825
541
831
11839
13936
37853
26516
18264
24580
53211
13210
11579
5996
1679
50363
44026
18612
22342
43323
33218
31374
18721
26661
36489
53879
40761
36439
35987
77285
72083
21490
29959
37628
97211
29967
36102
39940
43317
16514
43319
39834
42564
40633
20942
84820
35956
35115
33444
56287
48155
40578
43322
79363
54163
28909
29062
8779
16912
46979
33476
26758
57258
11295
44256
61934
76121
65550
43326
33814
74005
43314
91426
66035
147676
60643
29377
51426
21006
106196
127817
47739
37317
61880
139799
65114
4938
45577
35919
25952
114975
44902
118910
45987
59149
129971
71132
92002
67138
35911
62742
93007
43315
72242
29058
17640
54769
93424
76117
28490
6693
63618
174720
11095
75097
53441
68880
222226
54436
366851
11715
34147
28296
68339
84036
102295
27212
65014
37911
70233
210673
94123
85849
20174
28590
84749
37577
43327
85639
50683
127064
148050
8419
38059
43321
78266
130461
67709
46244
73689
54179
79263
44189
55601
47778
54167
107673
146768
29412
28575
4822
140849
73307
70192
102167
165269
118318
79025
52857
46913
43197
188223
100319
63857
76008
114745
47713
38382
45136
29284
6844
3114
247
574
11549
830
1712
22527
16520
15265
15244
10339
42196
2897
458
55960
26030
24010
11706
11424
18983
29592
8420
69605
897
18158
19178
26036
56068
28000
38171
40478
33319
43255
31378
28528
36786
32087
1984
43791
26865
28100
40494
19742
58074
43258
39833
20330
26502
43542
42668
43260
48775
44921
42839
66177
28290
46741
71171
37637
25914
63258
41516
22390
53712
10626
11594
50717
75506
39408
24751
107612
28437
43259
60234
83746
86664
47717
62648
88558
136228
108181
27625
84109
17591
63096
104607
35206
146734
57993
71822
54970
68406
76772
107592
108266
43256
40513
44545
43313
43199
33480
42647
43310
27999
42658
22350
74098
66886
71103
47310
74969
84567
133632
215585
70872
48385
43312
27344
31280
20531
110754
50799
86782
46421
58470
90406
25506
55506
51258
57969
80775
225958
118153
37112
45726
187790
52932
43257
187533
61048
107443
94407
81699
38389
46525
64129
15377
127564
75365
52726
96509
114358
46190
62804
82057
101504
251122
43311
57200
31984
118482
107625
112193
130026
41553
94192
53156
118939
5999
113936
111942
12551
186955
20806
177444
46007
85357
188684
46493
139723
91472
54610
65402
107076
57086
73449
54599
151431
35418
43261
43254
55559
49372
48886
72519
54176
71284
95216
56157
389
975
490
826
614
37257
3777
13320
19426
976
8356
31682
459
14168
22660
38360
22201
3079
25103
18299
21849
24012
15876
28973
53217
18776
26278
15697
26893
15096
24203
43253
37103
14837
28285
38006
43231
30054
29933
40885
72214
53949
36089
41054
43236
33734
37124
43715
26946
55192
43239
46189
53906
38432
101503
34667
25381
65488
18535
43241
41053
64735
44940
28061
52196
25848
40867
12495
130314
61829
61370
917
54541
43232
1920
32891
52199
104144
43228
39557
80255
15787
43716
27623
163041
44591
26155
66918
35847
91204
68340
83354
33668
71768
43248
52367
36521
88051
98636
116459
116459
43230
40933
123513
20372
60195
35129
54797
35001
109991
43226
36459
43229
43233
99949
23102
35663
43240
100395
84782
35185
85237
49843
6913
68850
30299
202443
38120
58926
25190
71144
92297
86777
75012
37311
35926
29071
84058
16904
80176
80439
108564
148176
24468
83760
5652
43234
60938
203093
83688
83745
79103
82133
98116
110336
43249
31393
158023
199717
64984
249001
38381
23525
63960
91380
106833
101929
74002
120303
93266
51166
108812
44459
150157
56700
43252
58549
93619
119637
3208
38261
235027
128831
146784
146769
62351
100052
162139
177252
99620
147493
68594
103396
83578
37596
56188
52618
178103
52470
137603
426
1480
261
8851
11868
11815
24382
1059
427
1093
12501
17281
15515
42661
11414
10971
5055
29453
40085
2006
18784
822
17352
43136
18724
27179
3127
16347
14674
43137
1377
11331
43118
22874
1937
40739
43143
852
61564
17720
42402
28577
88765
84079
42581
60899
18644
29347
19968
38724
32110
37451
37610
2574
43115
16284
47324
56544
129614
28272
18930
43114
46681
64382
44521
116690
19759
76568
39400
34078
43139
5562
43117
44585
128682
24508
42871
49340
34084
144886
38364
4412
34593
39435
38269
31243
52779
43121
106927
66966
19368
56931
86667
44071
44766
44559
48937
56156
41253
36792
25633
102081
30637
4701
4933
109122
47001
22334
37123
83794
43119
37454
105577
77053
65590
85514
6914
60971
56767
53187
97784
188219
128700
4956
29393
77554
37679
89662
203531
45520
57664
115054
64866
3164
64299
43138
94533
46150
76754
77814
44478
102182
117897
63027
80381
70864
71990
141669
43144
24258
36754
95378
128489
52775
163230
149708
114060
52490
227289
100463
37079
40531
43113
76644
30104
46149
50697
99102
69781
93628
33731
38659
192727
71777
123793
169780
44293
116327
172237
29065
78229
88431
155752
216729
111420
124400
45674
76080
238952
77794
405417
25387
93181
119643
261562
45599
178459
163169
56885
156135
10882
213
239
665
147
301
93
10513
5544
11571
15856
690
2576
11791
9660
34148
35412
18990
55823
4952
14698
27029
40423
46592
28276
31217
15484
896
17664
18887
26857
1566
14677
46918
22642
38126
34528
37412
25495
27644
35124
12649
35921
6974
15944
43103
56340
34783
4820
71041
27545
31427
97513
19715
32107
35813
70555
43109
58736
54880
2363
37481
51997
35139
43100
50011
51912
37305
4928
22718
32113
26983
38898
43008
58997
64291
43096
97509
39402
13383
58902
84508
27061
104141
43095
28955
34077
43112
88564
40957
18904
76777
43102
78572
76486
43105
26854
40954
32623
61643
62036
6001
88395
103158
37467
18146
76714
5926
150630
43098
99907
33725
29996
43093
62855
78078
193388
57103
43111
43051
63270
51959
28770
62472
38750
50231
53050
38946
27045
46874
25386
5648
3026
83677
49195
6610
48409
32618
43107
66885
66885
51947
26296
109949
45348
37942
53767
46884
43101
28063
145438
59870
17677
1940
86244
118898
81720
72211
79331
39558
73427
94135
77356
203263
110924
71991
49193
39318
37216
105721
130602
80534
38666
85611
6011
143092
29741
114618
46983
72002
6587
132994
279388
127186
167487
70324
79180
43205
60193
100394
284608
80571
80677
297560
98639
96828
172894
102634
99459
38380
539
284
967
966
269
439
2134
11167
31417
11656
5165
11773
1908
18444
29259
299
27632
24452
23439
10363
8422
24167
1818
11209
31589
31102
23220
22013
1941
6643
39890
29756
60046
24014
3764
2546
2982
83539
37230
61711
18973
1673
12617
18780
6523
42506
25767
43040
15788
46724
67063
82311
18639
36872
36741
18642
19414
50173
47837
21240
36878
56260
17938
48955
34145
48145
3025
21967
43048
43039
43029
23724
46623
141419
71520
19128
43047
39948
27405
18929
31634
61800
38151
18974
31392
122019
43031
64958
64605
76157
35030
88527
43036
55663
56147
33726
99883
45884
56268
67767
43041
3582
118653
102744
43752
28586
89484
44519
63070
83995
45608
44461
28784
27419
129267
6792
100098
118697
83662
52745
66030
94393
43106
30784
44023
21077
85620
14116
43045
172535
42541
44785
43049
80084
37200
37605
39219
52203
115972
88376
35662
134102
59239
46255
51120
114242
133
67354
105406
43037
61194
71723
43035
73372
146563
162040
38831
78550
184244
116352
117046
151441
36631
201267
86823
11877
53434
166631
234754
142405
206461
121636
111718
15375
80151
153694
296993
121455
76280
43046
43033
55566
27920
85926
35611
89751
66837
272524
118007
157244
251421
80324
84588
117594
140681
95508
94398
116174
367428
39779
12230
164
1725
11878
990
10911
821
16372
11602
4024
4497
19186
11536
20139
41050
28501
430
31522
16638
20271
12491
28569
30462
18647
17984
18993
11580
2160
24248
18228
750
28752
36362
34530
43020
28430
57998
40641
29478
43028
32634
248
40894
39410
25062
38311
40804
113458
28333
21266
31104
63892
72693
32611
28273
33336
22727
32008
34282
32115
31742
20975
38775
18449
59434
22386
64568
45210
46521
56343
64868
28699
57796
46757
29402
27717
63643
31916
45948
35189
29394
51317
43026
87977
41989
84972
57665
50409
49697
71133
128960
28758
33710
76868
125154
113606
75752
84050
44444
25105
85901
66820
82944
83429
144690
30126
94917
86616
103869
31254
122699
57780
163363
55863
68198
84249
111397
58185
32825
34768
83437
127835
37343
84119
59969
60991
22749
42576
48202
130836
234704
253815
28720
100371
147395
28058
75066
98010
5642
50567
131836
91142
45093
77843
48421
43023
113158
36731
111017
145971
60759
72027
65628
146023
67591
70028
83422
22726
53470
88266
103130
120555
83234
171861
54464
43027
131045
63072
180555
83781
209714
99372
60473
4528
234694
43017
5631
79716
62392
93427
109203
168409
47240
54477
131320
12631
44355
190785
28750
43018
207655
50977
70909
57911
84597
313879
409870
271764
190520
62831
646
947
595
802
11697
9289
10242
982
662
1628
14537
11712
11349
29264
31442
1626
24188
16093
3009
11897
11502
898
11085
21135
1162
499
21143
47796
13671
11385
1680
36206
50759
16103
12708
32488
10421
16692
19972
29074
32041
33468
27568
17185
29235
5636
42995
43002
256
33998
48764
42279
16693
45714
41521
53218
54146
44662
33632
39391
34774
85110
19201
26190
31287
126692
45267
32688
35392
42999
43012
26866
49742
55305
18643
79827
46330
29570
38384
58701
43001
75966
53229
32328
15734
25360
5334
21070
46205
43004
43014
18684
33765
58399
109667
42997
43685
27523
31804
75139
35806
43013
59990
94655
45763
54723
62655
77335
80557
37038
8773
31297
161791
27699
41213
49844
69292
109133
63304
26643
85428
73174
253105
49164
62041
35057
46081
107974
42992
171075
64414
67749
66184
118300
92983
129877
63880
71767
67104
146131
60792
109757
95546
104616
76344
109377
76575
76000
101183
34866
54619
33342
59101
67556
42996
83744
43000
44522
11872
86240
43011
47447
226343
43015
37238
5646
29871
113739
86379
94798
132364
63212
74363
117042
139592
33735
208374
43010
80325
42993
61871
90021
28367
42998
81427
291352
49163
48110
85746
89924
58227
50474
48196
37260
6585
114740
38660
39215
65048
166204
571
9078
657
5925
422
4808
936
9960
11772
11576
8095
266
1040
11533
12493
25253
18331
29455
2690
11506
28043
24748
25504
42801
29056
15263
42987
32569
20778
2593
5769
6166
27759
25167
28041
26535
3685
30137
15875
18774
38805
751
29486
50785
28172
31655
37939
71701
27636
97514
28503
4498
36324
44065
37969
19254
42305
45005
22650
39222
32105
30204
4025
52302
18510
56800
39495
47249
60567
42984
54563
42344
836
19893
64946
19757
19762
18692
17691
38377
47553
11605
37204
29103
44916
88912
127148
26484
60773
81399
81908
51092
56920
18511
27862
27197
37222
80027
18624
22233
15081
8745
50190
58383
43532
65479
74215
29400
37464
182099
47206
70449
121737
47122
61892
59045
53228
42989
3010
61697
48717
49876
20891
66180
53650
62932
29060
86764
51260
137375
81365
52011
73267
146320
86168
4195
69729
62848
25939
13103
53336
238327
85479
63087
176673
41990
101515
69909
51539
68337
124058
170368
61221
52705
87524
42986
3012
129409
28175
42988
43750
136467
41725
52600
128779
47790
100377
49152
144299
47903
148661
162382
85510
143496
111752
42800
48707
85834
37342
50033
50033
153410
250865
42809
1663
47852
118716
9634
35072
103925
67378
58000
79864
92719
153348
84604
296344
162494
58897
144599
935
433
658
391
11113
506
704
14433
4727
1871
13382
5967
1594
8073
16672
502
21159
3763
26638
3482
30959
49687
25319
28055
24192
10604
30295
10299
23518
15421
22829
26031
7348
29030
24229
34276
14703
1682
19953
32015
4034
34181
28667
36245
53021
5052
4939
44450
17277
15766
28177
2098
1719
3686
5066
32307
46787
3092
57144
757
35790
30202
758
3124
40630
34059
12539
39231
22543
67612
58878
61475
29396
17696
51863
40652
14241
42791
30913
37684
31270
20932
60437
75525
32109
20886
96394
42787
26817
35188
9547
39044
55150
46690
23574
20629
127320
42790
15925
64524
127323
77669
44736
42782
31383
71317
86666
49160
100589
28532
54266
42788
49571
27376
24062
42797
54265
40897
9630
2094
9347
44503
61302
42793
59237
66022
46982
127668
39113
54272
42795
145623
52906
42783
32560
47616
29318
47759
64158
151138
20946
42794
85609
69472
31275
66956
5741
19662
37315
33037
96118
4999
111669
96019
69559
111398
147994
64873
80642
88562
42785
83519
290950
68881
53617
12553
36893
42792
3011
216971
108419
154019
38421
48599
433600
79758
63083
69557
40618
91282
170578
128437
42789
31396
53202
61823
297336
80373
162510
149193
57305
18949
102286
76277
140008
137859
4542
42786
180971
240636
938
15121
660
907
11481
13187
2786
8072
25866
1870
15247
14831
13580
10243
4728
3780
11575
886
21876
315
16211
11694
13524
24395
19120
29715
2428
17921
36265
20875
10338
42740
3681
986
26782
1942
36815
26811
37991
26508
21027
20540
26685
7085
16850
33364
39387
4879
20723
24134
37921
19545
21930
46591
8785
17744
18513
39893
23194
25905
29586
65632
36583
26581
42745
44453
53023
11387
61765
26573
19661
29067
42729
30374
30080
74767
11799
77915
9627
28180
38267
38387
46917
59336
5720
52122
42664
42737
38125
31119
100592
42733
46780
16303
63181
42744
38655
56431
46916
17604
26483
70950
77557
84617
63260
92432
45592
28295
31344
48136
27709
19199
43407
42735
47615
433524
83957
6026
25892
26879
26879
4868
44006
17974
72091
5719
63912
39506
51054
42731
54274
54273
145762
79406
90228
3160
38340
22758
95548
19196
42780
80484
138030
4311
32323
26199
18950
18645
17091
74878
45256
382800
160046
383516
103890
111152
43618
117212
53194
77140
42734
32609
18682
19194
54275
24790
42732
13302
147404
19195
116886
306742
170623
19198
28673
69780
63088
124611
192988
77691
48451
3481
53093
76286
37377
81799
65455
41830
41987
85871
27863
94736
83356
149736
3166
30798
91103
118487
74695
80046
429
13377
797
8290
1052
2661
1714
396
17295
10772
895
3001
5780
2161
6644
874
13353
20108
19548
20620
4710
15598
22383
5923
46919
22293
789
17102
19884
29452
21449
45706
1888
3591
4772
23832
28049
33954
31602
20379
16662
15347
26268
42726
5921
2525
12639
23728
34388
5060
23030
31918
5065
28270
13343
19728
42701
4708
20277
25047
26259
16387
17768
28763
22183
65012
29049
28669
58404
36540
39768
37316
21
1403
37301
36645
46041
40244
29052
6474
38720
60555
35780
14755
29710
33360
42725
38606
29369
21779
38800
19137
3115
9628
56978
5061
95597
29266
62143
33666
71827
17685
90908
34012
45694
49683
42515
3051
42728
14689
36642
4375
94663
68692
9629
27642
36283
18894
109398
42719
86811
31258
116351
42722
54276
76235
50013
43778
28719
86044
5726
35992
40141
41057
4940
18944
90560
60285
51445
18691
83671
114333
42718
35018
5040
42723
27697
3146
94512
31319
42724
22899
215902
18690
53167
84823
112999
64461
42721
35109
69912
65904
124517
50761
8737
21410
54195
4781
147287
110551
374621
42720
77076
42717
364056
52867
36457
18954
108286
104374
31232
1686
95019
102195
35616
39214
127142
52952
101898
40454
42716
99457
31123
35620
57706
86343
263640
86482
104254
64998
9325
37247
667
903
475
1654
10633
5511
1879
30197
649
12208
3053
11047
17887
11206
10227
26039
18900
1875
2433
2798
25934
17905
26912
27945
5767
48784
8075
1561
42691
18209
28504
16081
27031
41608
20878
38442
2984
25904
135
25560
11696
42700
27277
8074
3104
49397
57230
56373
18978
1629
3055
42694
34038
32489
41212
4837
4889
54178
3469
24816
5064
42702
67062
73203
24130
39276
42695
52885
1676
22694
24568
36855
42703
18627
44448
173863
8211
140979
3547
25385
11396
17278
74544
31658
80441
55370
88421
30914
61105
97516
44695
31332
45211
26204
93939
54801
61943
43996
38728
43681
22682
12602
24214
51578
87981
4932
88190
33642
47263
42692
41035
26299
36236
29048
37960
63293
42696
69899
54277
71336
44769
155450
86059
42689
2516
39262
459065
64214
42699
20879
55711
104237
119183
42407
39519
18879
5056
77553
54278
54279
48135
35668
66043
86047
252536
38680
51856
70635
73208
3052
90720
52728
25445
48885
98085
118017
42712
45518
5748
62570
31704
43915
47370
98962
105584
179087
44258
59088
33730
102057
102706
36775
95404
28538
74837
99008
51528
66568
36662
85535
85692
64963
90015
118911
95864
109089
45335
194429
4410
40653
131816
60543
40456
39110
2097
44538
24563
30935
62
335
871
805
10331
916
11046
4929
9929
11708
10794
6003
8069
14136
11356
12105
17917
912
16085
18988
4729
26170
14794
18333
255
9028
44239
31965
46655
5335
39891
17657
20873
26690
48714
4191
40149
31681
26372
16249
29778
33564
19383
753
11912
22377
3107
11874
27983
29146
32969
2994
58188
22937
33257
18628
41225
32726
31938
46443
81310
44446
18193
32068
20238
4993
48169
52686
41857
233320
18846
5721
42632
39029
4857
25361
4798
42635
35284
29290
98193
42193
77304
50197
4934
25908
67659
31345
48564
22176
25553
4931
42623
73604
42685
36530
11389
56092
42636
42633
54575
42688
71395
10638
45690
42622
68816
68627
55316
50789
56233
90001
46570
39209
46498
28073
11573
27831
360626
58658
58293
1787
18693
41064
64714
70496
47576
62842
129303
42630
67217
3054
63213
39225
42626
17665
46495
84636
32388
77173
54281
5147
39861
92927
28166
172011
63100
31253
50696
19006
122671
60315
42628
207249
56500
42631
26186
52959
55550
56546
18928
327558
378567
47189
33228
18686
126243
56369
135535
29790
71921
74657
1670
29722
69065
33736
189696
42648
242097
44783
73740
99329
292523
42853
4578
46015
49580
14497
32073
31937
49479
76321
67337
57879
42634
55317
85392
54280
191132
39309
642
668
624
3116
576
17529
10536
11485
15383
13384
2721
2370
11463
13675
20391
4946
2462
11163
5227
14030
42329
28145
48831
18118
28289
3171
4235
33436
11574
18352
15873
40430
26356
26302
42602
5179
1651
22522
41876
36161
18972
12097
29228
66027
48688
3075
1846
55152
19307
33166
12529
52916
2527
1556
15374
37308
42617
5638
26520
42619
27425
35031
19293
12625
68429
39462
40140
40696
33108
5928
8286
55836
33691
25874
45522
27375
40987
42612
64624
56693
45713
42618
82372
32575
24152
49225
69526
281783
7736
68173
26652
26509
42606
74349
49355
2993
21335
12231
30298
241001
72309
28277
48612
26947
78117
37376
65092
38792
20361
21323
34449
59231
30645
26121
46707
43984
42611
39986
125602
42607
18809
37437
18694
18688
146473
104193
79701
105627
64079
28287
90540
27922
74197
297685
42610
8693
118337
57601
66488
94608
87208
74333
37873
48300
68632
102953
383511
106908
85886
61738
104744
69645
49456
42621
56354
30650
38096
2373
27146
39295
28652
42604
81270
46659
46809
42894
52955
108543
77937
37053
64525
88302
42605
28321
54919
70428
94527
66975
130457
69151
93929
92312
54494
158442
29121
31124
62369
45138
48298
47900
135092
238330
38670
36446
92289
75699
61127
42620
63951
86767
10112
1685
11202
9394
651
11589
11165
11916
8416
11040
9062
11657
26617
13041
20345
26451
10671
2998
10364
11913
9459
5590
1627
5185
14676
46315
5722
23330
14801
26606
38765
35838
26593
132
14384
29748
258
59408
13400
13765
2912
44510
31952
2860
33157
4789
42594
20556
31304
49321
34479
1863
40083
24918
36179
23506
25251
11900
20444
38953
20848
51992
37662
4910
10237
50754
12127
33205
17276
65891
28476
11626
31675
5620
42589
60859
27172
3423
31935
27313
39931
25625
28051
4255
78101
42601
31581
28050
42345
62675
35002
52105
42599
70412
61044
26525
34377
24570
28681
27371
87503
10308
71943
71244
104239
28303
72203
59917
3145
36404
98491
99356
62843
42597
12482
72899
61231
5465
38222
119614
19753
22033
34732
31151
27889
42569
70387
42590
42358
70422
248927
29416
56923
88953
64651
73753
54283
45817
64576
56366
160610
64828
71206
62759
85224
31398
42595
92233
70967
80560
20528
45398
62108
72881
46691
40973
44000
52104
52949
80080
62762
5742
29233
4266
85897
86048
94201
51956
42586
104452
113520
63859
79830
31672
56776
75011
21886
36261
44721
85255
161460
54588
122268
49800
28733
64961
107327
83475
36888
168502
123961
104241
104343
150043
221244
92283
42600
96144
42592
113456
185
252
984
681
1051
343
1687
12335
636
994
11829
336
10514
11302
12481
11234
9267
25188
14811
1485
36040
11951
14257
15393
31767
31906
466
29005
6619
17965
482
27554
11316
26405
16328
27236
5486
27431
21717
33583
20051
5920
30689
16154
12598
26234
11842
20871
30941
26513
42501
46845
44154
56231
36492
28801
41357
31283
39043
17343
11378
36850
45938
18047
26774
39261
46175
39464
40732
42513
42500
31648
32082
36194
38646
36163
48211
61683
52761
18287
11914
55624
42517
30855
10309
39263
21142
5822
30903
27841
63025
24349
59881
62437
46799
24569
26504
42532
53045
19297
42529
26237
24984
42522
35068
21242
45007
42525
40158
34462
29111
65386
16825
11945
53657
27439
52721
31116
48207
28039
28403
22777
72615
104548
39993
65573
126132
92670
32116
23544
27459
19243
46067
71762
48691
42499
24444
72259
42526
38654
72032
404578
73827
76200
30341
3427
61799
31472
43580
39859
4279
226124
28294
3122
86193
55847
11390
6976
46784
69321
32034
31644
20628
40350
42531
29482
63512
32032
30648
79735
42519
20173
29129
104974
3125
94528
74778
76871
83147
42514
94623
34184
77029
56942
32319
45983
46362
42528
42497
42530
28356
86042
100039
111161
70322
31382
115955
104549
49719
53062
238
10669
839
593
551
1643
1688
9462
11624
10784
2000
811
573
11713
993
4593
15516
11943
10238
5916
11610
692
14881
1721
6949
19403
49361
32613
12089
15573
38939
12593
12530
24559
11035
30566
17810
41471
5691
25771
58451
21711
18250
22784
41477
21968
41474
26119
54164
10310
35280
37601
30892
6591
33020
18274
40570
40022
42741
33638
16993
5927
46059
27292
19336
23847
21036
15242
19252
25993
29960
12116
7514
38761
71138
52943
21964
42491
61594
15360
24571
81522
24236
3426
5485
31591
29852
3478
42488
36162
34280
69872
47397
22910
33357
56341
61462
14902
91487
2587
1842
49106
55106
36682
3581
28170
32061
34461
40983
39872
40687
30901
68146
62660
28650
38060
23148
87514
49967
241004
66775
29449
45793
29336
57539
50627
11946
40365
17099
46567
95043
40130
56153
42490
86732
15498
62363
52608
37618
79391
85483
47251
31787
88875
42489
85126
58257
61237
29167
27349
30934
43417
29424
24144
42759
62382
25266
67420
17120
41025
63230
114444
21613
28131
3699
493
27116
26928
46439
48220
53186
62851
37608
97517
41032
75262
69576
185417
156231
55783
46359
27409
25109
72153
90715
145826
42476
86493
382798
71910
61766
42486
90617
91255
5183
64528
32140
47712
4579
54284
9552
11886
9277
253
9461
5924
9040
203
2362
838
16307
3133
12101
11901
10648
9474
1705
11561
931
760
7857
11293
4909
8327
12545
16306
1847
1675
15171
8703
10236
14886
2487
43003
22307
4495
10102
11577
2926
29425
20803
16180
31587
93289
22021
27331
17897
15018
11612
133919
28498
11048
25680
31624
13479
19562
21035
41482
40374
32615
53094
25473
53868
48693
32080
20567
30708
3043
19249
40682
64847
24923
31943
34326
20842
35669
11670
14328
39264
26331
28110
26015
3117
5483
42464
32627
37129
4680
26332
4984
44741
28797
29515
42473
26329
42738
22029
28156
42466
70345
24097
30787
34800
45698
38714
30593
42469
84473
11947
48350
31596
39829
34759
42459
42458
26196
59803
27084
43158
26762
55689
28298
52980
3105
51429
61852
42455
35282
11642
52874
15499
57873
52797
55379
56150
59230
30489
32021
17128
91618
29142
98027
127946
42463
44607
33543
53024
38430
77771
143369
89552
80295
64363
40387
85837
56769
29735
121342
78076
38034
7014
39889
58402
47536
103236
5434
33057
494
12550
31605
78415
73984
82969
46619
55781
47582
110115
65332
74817
52849
86645
84658
54307
70781
42468
72460
28409
42457
56364
42470
254161
5656
19095
58411
80841
57004
45503
57757
2232
29389
240
829
3034
30497
11072
682
592
4176
5919
6916
13939
11034
16938
1410
8348
8333
4923
27327
11942
29845
16153
11710
10869
27932
24402
11123
4985
216
5121
17365
987
4031
26648
11681
22048
21489
12310
59189
5558
2204
27094
25627
14267
16246
28153
37916
47406
1559
38582
23069
29805
13397
46581
42269
19017
5482
47848
41486
26173
10939
38996
48847
28415
18979
18818
32044
55368
37627
3687
104086
42449
27019
42448
26185
39844
48014
26514
26480
44800
57778
50236
25944
147729
40810
26327
28715
38925
78546
18257
4883
32050
42453
47737
62761
14683
36096
39885
46595
54008
30885
65317
55848
33740
104251
56142
62852
112323
29464
56787
20121
22121
8425
42454
60181
86643
40812
76198
69578
86889
31656
35718
30702
12269
20802
94069
61296
28067
72185
41383
51242
64912
62662
17129
53897
40218
26547
78071
84922
56383
42452
72648
50958
64296
38446
706
91459
38359
53102
52979
161620
110412
30576
54805
66765
112170
10311
60146
55909
79393
54236
85673
38361
16203
61212
39775
31901
176116
75492
33801
29268
50254
36665
60430
69765
63340
45186
27658
32940
14937
58655
38152
32143
97313
83343
314801
88642
29130
87884
74302
84209
36627
2200
22092
70490
64978
72639
38374
81476
84324
29039
510
578
762
36685
968
3175
5336
20126
11963
11686
11020
1396
983
25606
11843
27429
13282
20914
11484
10711
9764
4917
20187
9652
3121
12223
11326
14821
12259
22094
219814
17346
20850
51857
36129
14815
32042
29859
44132
31121
17538
27361
4561
43430
5725
401306
3480
8043
27085
32051
18660
11053
1829
38783
44012
17599
4546
52633
10915
40180
1835
27716
26905
16561
31604
39282
32617
62697
32620
19333
42254
4762
38027
40435
27396
3476
70627
18450
19174
19300
35711
31671
32053
22460
44864
20870
55343
19740
18710
11226
5122
82362
29694
38701
39988
28209
85927
83651
31654
32303
35862
58652
74354
11391
72882
689
70810
31534
76829
64036
54302
56539
21459
57084
67018
47681
19221
98025
21990
71851
63026
59593
32069
32653
40474
46978
42266
39554
72455
40348
39154
28802
37550
29473
72611
42138
511
42264
142965
48855
48855
89659
44697
70259
45874
73924
20017
86382
31726
29128
42275
53205
7008
61226
106909
3479
76482
38090
129467
28994
28271
54873
35549
70580
58694
8704
87895
4990
156627
27706
68636
52854
4704
28071
50237
13520
44357
57310
48364
42258
88631
78267
42267
96460
91873
101422
73546
126706
42257
42261
20899
78408
42333
111637
174838
82135
219827
105240
82224
108808
103
1366
7340
794
891
10774
10747
10803
9385
10649
17814
10518
11482
10730
6037
991
761
37769
12268
5879
23479
11558
3870
19971
5854
12584
10970
11372
11422
8446
10640
16084
13549
23761
4780
57447
10786
32037
48197
19413
43751
38528
32040
42252
30062
1631
15462
26398
1723
56648
40043
34023
6609
49636
25241
42245
5651
37774
9878
55784
40440
40064
27138
42236
2459
6883
1660
58925
29578
19133
206514
22561
25305
19610
31579
38362
42232
27378
33324
21241
42233
40394
40829
11813
1386
29454
18666
31690
17200
11512
38080
5228
21882
27934
16176
4286
15943
44630
42241
11392
74873
53566
6476
21251
7392
38450
63029
39419
30059
26539
36226
25699
42234
49673
24611
86997
38099
48205
32100
26176
54613
37626
21955
38794
65707
10834
48203
106679
37455
42238
54109
63481
30833
31134
116982
4580
52808
107275
75023
47096
77660
62789
51213
45736
39567
39924
35200
21950
28691
56386
31408
94809
265640
59143
14302
21147
74719
42243
63848
53321
60269
46111
281007
31405
100224
75026
82114
37512
61925
93934
42226
20639
26875
42239
54313
16271
79853
30788
85999
46696
73100
39965
32122
38817
108949
69610
31913
42242
104364
92298
40343
42551
56837
95380
48579
88922
38323
37571
48142
58954
11
840
703
11319
985
691
11906
11009
5902
11114
11006
250480
12262
5205
11689
11586
11935
17689
25623
38985
11590
19067
10839
29437
42229
12535
26842
1362
12637
11222
7227
12707
20416
41662
11598
5781
14140
18775
24655
11834
11698
18196
21948
31139
16220
56589
633
11940
50374
72277
27703
54561
1421
24032
14741
10670
49126
50183
33665
37258
26932
30315
14262
42222
14612
26680
25763
47914
42218
37749
31037
11291
45004
20155
54523
19108
5481
19731
47474
46853
20553
40074
40231
64976
397794
27861
31718
50435
22090
27591
45795
28746
38022
14336
4199
61280
30876
39342
28656
49158
56370
42225
19050
25388
224
55628
27328
28324
56379
69517
42217
8767
36879
72694
56935
48227
20785
32097
54140
65294
67822
24109
28682
12711
53223
81462
42230
154114
23999
40585
23312
42228
4988
39987
39412
52810
63899
51424
22815
42603
46448
83834
50448
22124
31402
80556
26569
45579
38837
74949
44699
65006
272845
73475
49353
148392
31547
80961
41384
115036
60378
80220
38375
46278
66759
42768
3541
75839
28325
18758
75938
48361
38802
41923
31919
32029
365279
46158
72826
38020
40339
70086
81189
50076
57954
36892
68742
74871
75903
6078
59068
36481
50379
106774
185508
26542
34792
37901
39881
32722
621
948
1924
11778
923
8469
579
11327
16642
11850
11455
11183
123
10766
11230
11837
25239
15417
4192
13333
6081
24831
16241
17339
2153
15867
11223
11367
12185
12761
74849
9584
12611
11841
2182
11537
11144
15659
7010
24961
13963
22311
4484
34193
26517
11530
46878
29143
18387
26973
39995
148980
12237
11623
31657
14822
23397
11055
16214
34130
22049
48282
31542
24153
14839
28932
23916
55457
24998
16378
27521
27432
13481
17212
26686
19378
25338
27495
17874
30143
31428
48131
70349
40081
30117
31948
14584
29107
54000
77294
4267
50166
33104
41426
42205
42215
28155
49096
37672
39973
36759
42216
38731
40060
27201
39704
27935
39555
35170
2186
50541
47850
37938
34743
27287
8070
18867
32052
61864
2813
35976
8128
60287
116312
1815
23739
225914
12592
15717
10580
48297
63435
50468
20087
45691
42203
31941
57578
40955
102283
107008
66946
42206
52809
45695
39340
4479
42213
18760
28736
26703
28735
32677
31412
40980
88034
34546
110090
69069
55685
44698
225925
166680
34666
24429
50157
31214
106992
163631
29342
40132
29957
67493
113777
77128
28485
108016
78035
42200
86332
3425
40054
42207
82070
78325
445039
160816
42201
42212
70640
52920
64316
23692
91256
71298
54160
75733
80507
50774
404210
348
28
9659
583
1367
696
10734
152
698
12102
11474
1398
33701
6471
10322
11449
15371
9638
11176
9453
6404
10654
11519
28942
7219
9570
11343
17443
9031
10516
988
659
16858
24750
14035
20283
10373
11121
11583
10770
9051
17264
13570
233
25476
164249
45964
33521
10319
29723
42172
26326
16972
661
30547
13553
163907
10912
18061
11145
40160
23957
40842
22975
36079
33831
5157
42170
20007
18966
31638
16323
19274
38438
19827
34374
54013
31915
33258
25264
42179
26659
21376
21887
5425
56547
28981
72095
30636
259
40047
40420
31179
22328
63274
45169
42164
27937
46124
74080
37923
42211
38293
42169
21666
197467
72093
18812
27924
4494
86182
1732
61689
30066
29562
27905
4706
29786
33250
42176
2036
67467
20813
63107
65066
26538
77138
96909
15227
36972
16659
75759
140207
12712
163060
38493
10792
64349
38629
62001
18142
98851
3786
54182
31200
11765
40611
72892
57926
59181
197481
45139
179519
104912
81772
84246
56503
46736
46460
99194
65123
52055
28380
46908
9640
71808
36275
102961
380588
3013
31251
13305
74535
109896
122683
57355
68553
13513
73990
107288
49642
11819
41554
23050
82430
80286
85188
65596
87706
86938
65448
94874
38329
54858
60188
37598
53166
64042
49695
22984
1891
694
813
525
1578
1955
8536
4488
5689
11977
8689
790
8393
166
3604
11542
11033
11335
16619
2768
13550
11953
21629
8738
19494
16395
16633
10765
1623
41663
27958
3537
17169
11337
14807
24920
12705
10986
36599
16121
60175
27346
11680
13612
14475
11333
16769
17496
33518
40969
15668
19761
1716
23954
10935
30924
21866
22504
14729
21028
29343
12129
13005
6028
42160
38602
11039
37767
409926
14460
15119
11563
21970
28124
20681
24825
10889
13783
37835
11160
7216
28319
33214
27230
17909
32030
21873
16127
18910
16026
37997
7988
39867
14929
5424
40220
11936
19267
5917
5922
31703
4499
323636
44932
24260
32020
28679
8692
8690
47942
48301
21380
15724
24575
40742
39543
42152
19664
39916
84107
21879
39176
31278
38772
390253
11684
37843
13762
39269
60194
67737
3418
77759
26200
33155
99189
18875
12541
40072
38147
27458
40034
77334
17971
53950
54287
40146
77172
38539
65262
49069
109408
35101
40241
80624
25628
26803
35125
21024
31112
48961
75552
69165
26179
3486
126846
27864
113479
78132
41972
49375
29565
47876
15310
26873
50125
47466
16149
51444
110899
44004
64765
98864
42290
127746
33076
59734
40102
42872
33356
49098
45560
76411
26771
32027
39415
31603
83857
73620
40256
85
8810
764
10948
1103
387
814
699
11281
9725
9589
36819
9538
10890
11527
11644
9443
10323
10156
10246
17360
11298
11286
21484
9317
11827
10540
11524
10768
6399
14412
13665
19204
62204
11646
11027
37775
11816
21610
24124
19123
10627
12528
32480
25468
39874
14900
18254
1672
28794
848
13555
22171
41610
8691
13386
10725
24274
15660
10863
11441
12537
19429
28893
21764
30931
31646
32047
20075
44247
26843
64353
4485
24634
55538
37936
19379
19114
12579
24919
19507
11911
26444
33016
43089
31593
14664
26560
28377
32077
12472
25566
53179
18905
5062
39982
37765
42149
40368
14269
47038
21137
17450
58706
23668
21515
17205
42148
27225
31679
48773
26325
46445
40383
16471
42566
31074
35797
41280
39868
84254
29204
49802
27420
46364
21874
39578
66788
2989
2264
63443
26503
103122
44936
22167
27997
33721
85191
40469
22130
35343
63590
15900
49934
30142
30789
25113
36133
31361
35685
48496
42337
42145
225
265
19317
20472
68709
41394
53922
38665
31407
28967
95006
69044
69014
10582
40041
5421
22257
41077
27145
79649
60813
22435
39918
197158
440657
15539
15537
71821
39228
54133
47211
72262
81463
129229
31921
16029
39229
41380
57967
126189
40471
54118
123742
14630
58403
129014
62818
78
601
1091
1368
1371
609
783
97
154
9387
9576
12104
150
13342
262
2665
9728
10676
16281
11639
32085
2623
14645
15739
11704
9037
9343
15764
5961
10724
11314
171
24226
10150
24740
29702
9442
11340
16441
6217
17918
8288
12614
11915
15600
13776
11307
11541
27813
4193
24160
14373
11564
13396
9699
23805
16235
27475
30874
17590
29743
11614
47955
47886
37768
27088
14742
38289
10831
37501
16363
37917
27726
24266
30060
22501
25834
11949
23943
31044
47245
22023
38271
51925
28940
47957
58083
39899
13945
49398
42124
8219
10275
41760
42251
40952
3526
71524
20197
20980
62029
23942
72215
52702
4483
40219
21923
2262
16407
32048
46885
27150
27273
41291
52556
42135
77010
38849
19415
61755
28307
26730
27348
26851
42130
19322
29450
41017
67740
41378
32336
27016
49483
25297
30644
32014
2644
53234
32065
27380
31264
63460
25001
20787
43548
67772
103117
85196
26639
42131
79319
22765
45840
47947
57901
29224
40075
18813
149645
24129
84993
30670
23615
30168
81850
86404
54121
34697
21585
105184
4269
54339
30363
37176
32692
30875
24830
66881
104435
68797
71051
60261
39230
40055
41977
31661
48249
54132
52083
129425
27609
41889
57999
19156
42137
4416
52113
110265
85195
27332
1892
111
1621
700
860
4543
9531
837
11153
8769
850
36670
9346
11336
535
227
17692
9549
10650
11030
10489
11050
14813
15301
232
849
11591
10576
12560
13567
11654
6341
15251
11616
7012
10805
21519
92060
11948
26285
12502
1394
11235
13105
18172
13633
28468
14854
18912
10484
1058
15050
19053
8289
19698
26198
48769
9967
10269
12921
15120
1563
37777
22998
42442
38291
11609
36576
27214
15035
21500
2282
12633
12503
42112
24808
18587
40229
12239
59037
14280
29140
26978
42113
19184
18391
28466
58833
25539
52557
12695
14087
4202
101660
21721
21259
33676
11417
9041
17381
32644
18835
39005
55493
21356
40059
2455
15895
19035
31858
19606
67087
56784
45995
42114
10293
8220
42121
37935
17386
87852
25164
5622
43571
26452
43559
11613
17922
39991
23096
30707
74295
37227
23807
17895
42122
1793
39164
12504
2193
27679
47892
4288
5733
48139
48490
23587
32689
17435
68275
27323
21148
11539
29587
42116
316031
38155
42106
18406
20120
25499
16039
49239
80607
37943
38074
78552
19258
7269
28445
44859
71055
24883
64504
20545
36912
105410
70500
47364
60612
18741
41452
47489
14243
17923
38782
83579
62981
2645
50572
35432
40070
42103
60038
67530
44691
55819
78177
27232
36527
218
87
620
927
377
311
279
34584
90
1885
81
9336
841
1788
9326
15144
157
11031
9610
2619
9314
11368
4437
655
8764
10823
9730
11884
1880
9663
14052
27670
11495
625
11393
12309
13820
11507
15239
11296
469
8833
2669
11002
9651
15379
12762
14746
11379
5968
33914
10606
11899
18462
10631
13763
11950
11707
38285
2148
11905
15927
39371
24099
27414
11205
52744
16806
15014
23730
13924
18498
17835
271
26522
19673
9063
23111
14347
10179
16969
24128
19621
9507
13189
10260
27171
5677
48677
32081
19596
22160
8221
40814
39256
18477
26178
16551
140161
15259
13681
24749
14673
17464
33138
61968
52109
26889
11308
75877
31939
14774
11221
21989
17667
37296
31601
21871
83223
19400
5896
59040
24264
14132
38557
20561
32334
57978
41089
28148
44645
42102
25010
57922
20894
28054
28692
32520
35574
63360
70410
47359
1803
52736
24453
63418
55976
48482
91767
28820
38980
40061
38148
37168
72664
44772
37727
30231
47874
54333
83491
47217
30278
42094
18680
87235
40978
40771
54752
52471
57565
53426
27940
27221
59355
28968
96920
31955
47792
25290
40026
77762
80752
42084
50812
47345
48733
18446
27244
30996
104274
68757
27102
31400
50034
47825
39978
187857
56821
123568
105
2108
9340
1374
1369
68
9355
10999
707
9281
10014
15196
11814
873
11645
10157
10328
606
10303
8408
11797
11824
11976
526
10925
1694
8879
10843
11864
10957
5683
11418
9626
9749
10849
9731
9080
25237
11904
11257
13667
10176
29161
11064
11509
10552
11954
11557
9846
11893
9056
8868
13155
14370
9872
17898
14029
11177
8130
9838
10656
18502
12775
10295
16248
2075
8992
8816
19064
10905
17663
11018
13938
12500
9463
24873
11532
24548
12764
12235
10553
38310
11338
11830
13764
15916
11703
11240
17824
15983
24161
23919
15982
27590
1884
19357
30459
10372
26578
20721
18252
29794
20348
16263
24735
19259
27064
4180
45408
42044
18729
1816
14040
12615
44018
30069
49370
57308
11243
36073
33078
16082
21042
24742
50211
27223
35144
14750
21627
10044
9657
27969
28410
25133
29263
18334
18763
19736
19947
12701
294
31652
19181
31410
37929
31600
43560
58191
29077
58903
18493
40411
67342
35201
40929
59388
18707
41243
42035
23614
58611
49352
45999
13651
42048
40451
32387
32720
61991
13380
31462
53157
14570
34093
34573
29471
6320
22323
33766
86640
52212
33525
71799
34322
44191
24585
41205
76406
36536
50571
12111
30877
72508
40913
2189
31401
392433
47908
29463
32147
679
744
235
9377
792
9426
10515
793
192
6978
8009
13597
2605
9671
168
8856
10776
9874
9994
11454
4978
11522
10136
11873
11416
10466
8388
10015
12118
10122
5143
10658
10225
3980
9542
10068
9980
11133
2099
1554
13925
5693
9318
16337
10692
11415
10013
1857
11120
15762
15596
4480
10974
10017
14510
14924
11471
12151
4481
16113
12721
24657
9873
11986
10945
12662
6106
9710
1890
24913
10857
11300
44268
9941
15392
13715
38262
10002
11037
30163
21309
13766
28941
15698
40342
33061
11938
17994
33278
31909
20874
47951
38313
17465
18282
13346
9930
11028
29355
18169
39144
11483
13818
9807
12715
24194
13698
24103
2620
8047
43211
34223
26554
25438
12278
11038
81774
19877
64131
26789
24086
3
33516
10570
36349
27886
27995
29968
13511
31947
13841
73920
31659
13853
19492
23273
30194
54898
20537
383
47340
3934
38342
20575
21332
50382
21867
18588
20858
18499
52886
24798
31924
60375
40760
26725
60800
14670
32060
30653
56705
26555
33055
22976
36372
68540
48259
67221
70966
42021
2265
25720
41090
62131
35634
32446
38343
47822
26558
42017
22192
52657
58048
45996
59357
33762
37032
46948
69860
40078
40772
35371
126197
44326
35705
48797
82094
2753
29627
55269
600
106
2493
5548
117
88
941
957
765
865
801
96
10673
2609
1547
378
10110
9003
708
10072
746
6069
635
1825
2614
11411
10998
10587
144
12154
10780
580
11548
9964
8852
11649
2039
13446
11584
12919
14367
10083
8989
11879
10021
11896
13509
1786
10023
16288
10019
30890
10652
16620
918
10859
6917
17159
15143
12626
19933
12476
10937
26719
3543
11832
13703
24341
20115
25155
13926
18410
11215
22172
16889
37530
14671
15785
13339
26371
10081
30421
15658
21521
12506
11822
25318
26263
18305
4918
26827
25678
15582
12623
19345
32054
18935
4043
22477
32076
11496
31650
42006
20465
36914
40724
10896
5709
38315
49565
49964
39145
17258
39929
24276
27786
28605
11174
15677
39507
38312
21453
20242
19324
127
42002
11513
40962
57918
27764
32595
59558
10614
12704
20043
19209
34379
22500
24787
27857
24828
46767
4639
29445
28368
62132
50719
40634
2172
28264
23599
74747
31945
28070
42120
17238
21299
14499
83090
21151
20287
26011
31743
14464
61178
58615
31385
14443
342381
44658
70199
39074
34101
28370
58613
26677
45878
42008
18125
38921
49815
31563
46976
130490
27740
46975
28448
33851
26675
26984
2608
32033
41903
44801
13247
39895
27342
42010
60041
60631
562
380
8392
4011
856
37136
2280
12477
9602
11216
149
1370
12144
10585
623
8337
9493
847
2640
9647
12233
11690
175
9604
1632
7520
9396
10131
859
11967
3525
9013
10675
9064
10651
10141
11357
11051
11825
10281
9599
14506
9540
11966
16296
287
4203
2617
10130
9395
12120
10868
8740
11191
10306
13192
11503
10396
14285
11054
26515
2210
10126
11285
13704
13927
15158
24929
10753
10644
43645
10127
5680
2383
14240
18086
10128
11851
41664
11082
4271
14170
24924
7091
19382
29095
28176
2321
31056
13554
15592
17006
18197
29154
12710
18917
12582
11347
20123
18509
21362
29787
27814
31052
34311
52286
15267
24679
27352
12714
10117
22478
12663
35119
24163
51247
10132
26603
25998
26386
10001
9717
2
15482
26044
20196
14911
21733
56825
37211
13350
40095
40820
18214
43680
41965
40168
24348
9748
4645
24038
27362
28452
41966
116776
12505
22572
29739
59797
17170
30502
46188
41799
18161
8677
36739
2093
23752
47795
48309
38965
27412
26723
11709
49365
8463
13482
33172
20443
38198
68352
26355
5241
47870
41975
66105
38950
27390
30997
201281
51442
47817
41952
40087
38500
36724
34637
45295
31618
45129
49418
26798
4457
26881
17172
31245
32148
31701
14441
34014
165
89
207
268
10144
2978
942
639
2756
16859
9354
5825
709
9494
9618
1648
8913
2604
172
9665
2323
403
2616
6951
10495
925
11974
249
10222
10135
10160
8491
4105
2028
11497
9942
11185
10161
11562
10345
9972
10142
11895
10283
1412
11361
10835
10493
1552
10344
10134
10860
12150
7452
13928
11352
11625
14372
8867
476
41428
5971
2469
28609
11342
14628
11305
1779
22244
19124
11937
12521
11959
9085
183
10875
11465
11157
14621
11718
19236
10705
9686
18111
11828
26953
32761
8216
3064
10754
238751
14550
11607
15138
22102
452522
505
37606
27418
5203
24739
20006
12622
31608
15433
31150
10551
31606
28774
19157
16182
25199
4296
34312
25756
32059
27607
28165
17819
45318
40364
22611
25074
38084
20423
19142
25682
118662
16269
21512
44338
56619
41585
11475
15618
54825
39787
17362
1380
38695
49982
27461
29185
14776
38525
52106
14916
51108
19118
12774
28169
56521
2263
14571
15142
47045
32261
18289
31863
20713
31004
53150
45225
48624
24077
86962
300589
41583
32075
17190
29383
17300
30666
4486
18683
29924
79509
83088
12478
31583
20307
27916
12236
185987
39002
21291
40353
35945
55377
118665
47860
37055
51111
118663
41848
51110
118667
38545
18614
37533
162
769
196
771
1573
114
861
242
251
1700
581
1669
9362
169
1375
928
951
11005
9322
5549
1498
1551
6488
379
2291
2119
11186
483
9356
11135
9556
9768
8592
477433
10166
11595
1727
19185
10837
530
34636
9399
9086
11077
11092
2565
10847
11856
9569
11673
11587
6723
9558
12651
11630
4587
9588
17466
18129
9586
20481
12516
26914
12157
10173
39101
10264
10169
39100
20701
13995
14249
8428
11309
18311
25018
14022
2990
39323
11060
19384
10729
1662
9491
9548
16384
10168
37770
27274
31225
3101
43646
1483
28761
2612
12716
38718
10170
22414
8217
30017
11909
12717
10164
10485
19158
24016
16094
40377
41823
19086
14864
8996
36843
32669
23535
6393
11131
7974
14931
427910
11510
11796
21168
28090
17993
6444
15389
42443
26936
9742
29514
24249
26612
31676
17009
21344
26954
25831
6470
27815
18943
2891
41003
20815
32043
7975
37865
2927
25528
31597
53932
34086
138878
31923
36094
25943
179051
41821
9050
18767
31598
45799
41817
20876
12719
37291
30870
41925
16814
1560
47869
28553
31651
18860
22240
22189
3072
37403
15736
27767
24558
19593
52811
2302
173177
5898
51036
10917
40346
25501
1785
20674
39062
111815
39195
26397
39934
57663
27720
274
280
10020
879
8367
2907
1089
1541
1598
9595
37137
820
9319
290
4032
174
650
2924
177
11846
892
1633
1649
11187
11284
1497
10537
9292
10249
10276
7442
468
1406
9594
12776
2742
8010
10380
339
38251
15080
11364
11821
13888
13122
1600
12227
10952
10404
11663
11890
11384
3784
14362
24752
11894
10975
28597
10379
15413
13154
10617
10750
2453
39102
9079
2107
10804
11933
10337
11498
9546
19200
18971
9065
8222
1713
12702
17467
4539
25330
12186
25562
10333
27769
11521
12647
17474
43648
9585
10261
32685
13697
2767
6524
15804
20421
16270
11504
20289
10341
24734
30815
40223
2611
50270
15771
22434
24993
1358
159704
16820
17792
21338
21219
20096
20645
6463
19065
1568
2071
10174
26956
22828
11175
42444
4695
22423
18886
47423
14667
41804
39875
15026
23606
2297
36679
30840
47090
28117
65374
2125
20704
34376
12627
5048
13644
17956
1496
41805
30694
28455
28859
31544
1915
23438
26561
14904
34421
26291
48636
56321
26142
59058
25598
24789
32146
47647
20978
36630
41791
21828
53287
23303
47762
16096
24331
44909
29475
119324
32221
16790
10969
2528
25221
20712
90098
16191
27994
41780
31696
31633
24646
36421
41784
9048
17990
10171
71142
4734
500
812
772
364
8077
33
6114
881
402
766
943
9475
9361
8872
2005
619
9374
11621
11806
9869
1923
8845
10377
763
9349
1883
11287
9504
10158
9529
2322
11259
11158
10538
10326
9367
10435
293
10437
9876
10163
11087
10414
10086
10206
10406
11386
1492
11597
11782
12143
10403
12088
11569
14002
9609
37265
13225
11066
9605
14239
2687
10412
10497
39103
11134
9096
10407
2007
10906
10995
11068
8293
16136
10699
16314
22582
11428
14684
28384
14361
9278
39104
23637
12518
9264
10409
10410
11012
10411
10424
18764
18183
12395
15300
13937
26255
4507
13006
25095
17494
4823
14603
27381
16562
9300
10618
20763
23939
22004
5765
42438
12772
61225
12525
13823
11790
10608
13153
26670
13199
24230
22590
20676
18722
31962
48150
19330
19087
37527
2731
11139
5237
2470
47821
46633
19143
40082
2613
56551
12251
24182
23908
19380
21128
39465
20811
53200
16219
28762
40649
18672
37753
28212
38143
17991
38535
40213
47648
18631
27816
36947
30963
173727
30592
61303
27073
37264
41670
41671
51730
23196
37420
15802
33380
32517
10408
45779
22627
46028
31692
33604
33202
53064
97044
47714
6547
32450
27295
39027
18543
36257
49956
83761
10241
41796
36288
27465
56448
54087
329
424
137
9479
788
5503
9800
9739
1587
37094
6075
319
9593
858
11969
9350
9571
2758
8005
10439
37233
864
9255
1607
11687
1634
7305
6279
7984
9386
9944
9559
108
4478
5550
713
12139
8873
531
11528
9607
2019
11236
4104
9612
14919
1245
6878
10057
11074
10909
11982
9272
8092
11566
10285
11971
1499
14534
7007
10438
9516
10436
11044
11520
10440
9644
10423
11655
34433
867
2259
695
1644
10657
10498
10442
10502
14282
15613
11811
11101
10413
9702
18890
507
21450
9545
2246
4722
14291
10997
39105
10349
7500
10655
28260
12121
11041
39324
1049
12780
12187
6
10443
21845
13203
1689
10433
23210
41665
9024
8494
15765
14135
10427
1987
11198
25610
33408
10419
11143
18215
10445
8223
9409
2149
10942
31578
21057
25403
31642
16130
51980
25389
26333
25748
41659
8291
10619
34723
31000
46828
12661
17653
2047
13063
15278
35588
19371
9261
27804
19552
18857
24126
2625
2088
26141
44435
12574
1413
26127
10434
34098
16437
19931
34024
17803
32049
74004
12519
11244
15797
23470
19657
25466
26672
18133
17796
70133
37703
18817
32998
6593
33539
65973
225804
1479
17189
57789
41759
22213
17811
42580
25684
14832
55157
4916
2887
12664
680
13
278
8587
101
854
8467
1637
3049
628
36955
9495
2164
241
2292
712
4476
522
888
36593
11395
9359
193
15969
306
11011
9331
6280
11667
2636
2654
11596
1024
10731
11212
8831
3036
11934
11450
22586
11104
12207
110
9905
9587
8987
10395
10897
13595
109
8984
10510
11231
12160
11010
15097
11546
1909
2759
15139
15283
2788
10660
13519
11479
8850
9369
11592
22826
11164
11382
1945
15997
24795
178
28032
17809
44251
2124
8011
9624
11777
11317
10714
527
21588
236
27793
39106
11310
20306
16780
9058
10872
10447
10531
13701
4954
14275
10694
2087
11067
13962
10464
20726
6472
11858
25284
9057
10451
40751
26564
10449
31586
14522
10452
11318
2436
11334
11853
22137
19223
20156
12778
31439
10635
13815
11593
14237
23719
16139
31414
29918
16297
17585
12475
27066
58128
6498
24767
18009
18885
8986
26203
56149
34746
19155
33095
19819
10467
10879
20678
41579
19092
12280
9287
41582
46717
46094
14425
35614
19855
22317
25557
17745
24070
43649
22059
19176
3586
35233
10486
12613
12635
50797
31022
26261
159
35977
10450
47504
10448
32764
34152
40156
11248
18674
8983
26352
21352
38940
34444
29973
24925
17600
18395
57834
39466
26391
30114
807
862
197
629
8844
63
1572
949
9737
568
414
10530
524
710
9273
8839
9804
76
8068
9323
9603
19404
9598
406
9482
5
6950
10634
8963
10474
9312
11017
9348
21032
12106
15789
10428
922
2293
9691
688
9886
451
4584
687
1642
37797
2064
281
11381
6520
902
8012
9344
10802
9909
33542
532
11517
12110
10329
19101
3512
1710
2086
9087
13531
11929
397
577
11862
10987
12122
11472
9091
11008
9560
9271
152426
11780
33689
9070
9102
11448
11860
12665
9067
11902
1408
8438
11980
11359
9073
39107
37653
9061
9090
11220
10149
2054
39108
36834
12158
10533
10722
11446
56804
9059
14819
15602
9263
400
8512
19004
9066
8973
10612
6071
11443
12520
10858
27526
13345
10348
20649
9501
32646
10824
9071
18402
13559
42994
6715
1775
79178
13552
11859
38884
21183
31174
16295
9382
25749
4307
34996
45325
11863
42445
21835
12554
18998
1802
4482
51191
18801
56374
19286
37108
9089
18256
26441
11861
40490
10525
17015
48787
28387
27281
25066
18392
47002
30718
16420
31357
54648
19326
28601
24970
37975
40508
55676
32458
30765
48781
5894
15322
41577
12561
22625
35196
65796
26258
10840
28313
47608
18872
880
18725
27985
37141
602
627
954
275
755
4232
75
9802
454
2300
10545
664
9390
10830
9614
11674
819
9327
199
1592
9894
9279
8840
409
9268
1645
11238
3595
9208
10779
9100
10061
11228
10539
7095
11412
9294
11000
13685
12123
9333
2320
1630
10218
11543
10586
12498
10684
9591
145
884
11069
9879
9566
9303
10547
10607
2925
8052
2928
3179
2061
9299
7300
10723
3573
9304
10543
10478
10535
9306
9716
9826
7863
9819
38366
20539
11159
10280
9103
13997
8818
11867
10546
10549
11076
8766
9536
9101
25059
10861
14553
9283
9404
9625
1770
10680
549
9099
11229
9623
10874
8866
11962
10534
36355
38288
41668
11306
26748
9095
42425
10938
19164
10988
10990
9401
3065
11363
11062
16448
9400
15691
9431
2074
17182
9305
6346
20762
9568
11511
54471
17414
10548
36998
15674
9460
21539
18975
26900
19042
9450
27845
9302
47333
9308
18550
19963
11112
39434
784
25189
38223
2699
17795
11107
3587
36758
27681
8744
18203
31908
24183
12606
26422
16233
25750
17204
12531
11103
11239
14646
25147
10690
34170
27233
39148
12254
43566
28005
23449
25518
26787
31640
42314
56332
12656
11525
41343
49763
19287
21612
8214
14469
28059
26890
36344
12709
16003
51043
597
607
18
637
489
330
128
782
11970
184
754
2649
563
415
9444
1624
8078
1813
2118
686
1701
9366
431
816
2898
714
4233
9772
4995
8413
3597
9574
9714
978
9360
1281
8874
638
4824
10603
1639
9619
8834
2255
4421
38286
9427
2142
10234
10357
9437
9433
10336
11831
9922
13929
6283
10003
4477
9769
586
10494
9434
6623
4961
11975
9823
66
13313
1902
2163
10155
2639
10806
9622
68924
11419
11676
8197
9405
9611
9406
6072
11425
158
18415
9449
18491
8860
1968
10622
8067
11015
6116
9415
9414
9446
21334
5910
10351
8675
9413
16052
14817
10347
2058
10217
20737
43629
9403
18329
2212
39385
12145
9746
14289
267
9416
106035
54113
10668
9770
9407
30020
37652
18519
12499
9438
29193
19165
44706
13852
39346
12238
36095
12489
8765
34314
6499
48254
11365
12219
9092
9311
20992
18095
21832
1610
26610
31662
17266
26180
10871
42426
17894
11210
9956
27318
8854
16992
14903
17589
9054
17834
14585
10371
12723
13986
18355
9845
2895
26689
40815
13982
17832
21252
36797
22797
60047
45609
14398
40413
17949
19601
43274
35796
21422
22073
49146
25624
33344
15321
21915
27103
37410
45153
42884
38225
18222
24662
857
37165
73
115
95
9487
10674
36647
100
544
1878
8916
2109
9798
9342
297
929
9732
9313
9489
9837
8656
10312
1934
2666
8741
944
9820
3050
11545
8195
2330
104
473
9631
12159
11003
795
10376
11551
10663
2657
9276
10153
846
10220
617
9421
200
9454
2157
11808
3600
8838
11932
9882
10215
6435
11660
4518
10228
9411
6068
1389
8688
11675
9447
1965
13761
2671
547
9877
9441
9745
9945
11252
21348
10353
38396
309
9425
9822
9429
9320
10223
10683
18937
10029
11258
8697
9490
9464
9445
11568
1075
10216
14444
14013
4415
14533
9457
9469
11634
3682
666
9410
11702
15037
1808
20235
9422
9713
452
49992
9466
9827
9448
3513
1567
14283
27850
9424
6396
9440
11854
9417
28302
39345
36568
9812
13151
12706
3033
9715
15805
43554
12538
17127
56020
9452
17037
37498
14577
8545
10162
8583
9458
1414
14342
17337
9844
1557
1283
16148
17074
9821
9835
22796
11855
7096
11508
35680
17962
16980
14557
8056
4548
825
9033
16146
6058
36107
10940
17941
24584
14662
42807
18316
50124
12888
16129
21661
10278
32302
10941
26618
12229
36136
33271
74336
24746
12488
1618
33719
31473
26269
27791
10593
47881
51300
550
603
1893
497
863
14
745
564
2105
2668
4951
37135
10386
509
345
492
2667
1542
817
10137
8487
2277
9473
9032
334
36643
796
8374
1443
9481
1832
622
1213
3558
926
6415
1844
8914
2112
1911
9535
1946
9946
9008
8224
4806
1850
9563
10314
9564
10400
11618
1090
11355
10047
11075
11001
226
913
99
11601
332
404
10402
4816
49948
1715
10398
13466
9451
2900
11353
9824
10307
9825
1073
11622
8649
11377
1439
2275
12599
10207
9430
6522
6552
3293
11374
12117
10354
9423
10212
1641
10154
10366
14709
12095
10279
12596
17707
10388
9684
15400
11129
9781
20770
10210
10208
4291
10342
18892
10390
2290
10490
13824
10399
42441
310154
10213
7341
823
10951
9669
9849
2020
42446
250
11779
16198
22345
12524
12220
10350
30923
15198
21349
16406
10563
12618
54004
41669
14242
10557
30943
9455
31582
14429
10397
20024
42739
194113
16172
12594
11489
26177
20761
344
19594
10908
5470
185789
17681
11119
12276
26149
10381
60203
13787
36251
17709
15556
41586
22267
13428
24137
8672
26338
31023
18681
8970
15256
10643
28902
41245
10359
64202
16716
10482
16606
10355
17263
31501
46435
29698
9465
21039
34766
36210
24066
10496
98
77
36657
8358
107
641
1359
9741
955
1597
2787
11688
8871
4247
9679
9532
4327
1907
7443
2024
134
3981
1493
392
3176
2123
146
10501
71
10637
786
4234
8584
462
9383
243
2133
8452
6282
10567
1900
1588
9285
11978
55
2069
5994
8859
2655
1636
9600
10559
10647
9678
8843
2332
5551
843
16
13930
2067
60670
10898
3536
12107
10481
2085
479
10867
7450
711
50531
2046
11678
8870
4958
5491
4244
11983
9871
11826
11531
10393
10468
14181
11973
10479
2155
16366
13785
10564
11004
11478
4967
18079
11849
16234
10687
10569
10461
10577
10873
10991
15655
10471
10641
889
11398
40096
10876
15653
10642
29458
10035
10862
2360
2440
9519
876
10480
12212
10685
10384
1619
10562
12211
327
10571
12597
16340
5458
25538
19457
15999
15723
14736
10560
12509
17711
36968
14295
24100
20455
9456
3134
318
919
17908
36897
12609
10391
4226
742
10473
43555
10763
12490
18041
24476
5001
10472
2621
23160
6521
12619
10394
1698
34070
8653
5257
34729
11477
30970
11518
21355
29572
19348
10429
32250
3716
21991
11366
16187
14195
5842
7290
9791
10783
20410
24102
9674
20697
15489
110147
32536
10180
10697
48617
14805
10597
120
671
585
808
129
161
141
9799
194
453
1734
1995
331
644
676
855
1933
2034
1018
634
2770
824
4133
9398
10865
9428
9740
869
1903
5175
9880
4248
853
9476
9705
10054
8835
768
9889
8922
331214
167
9397
1535
10950
9778
9896
11770
2294
8007
8489
6073
9378
11397
10796
2018
2114
1548
10808
11371
11232
2043
6312
10992
10778
39939
9816
12149
10866
1391
575
11090
3172
2140
1921
2110
10016
11469
11470
2100
1433
18269
9081
2171
1365
10833
10972
11467
5279
12610
10956
12589
8386
9696
5955
467
12103
2057
2176
2749
1791
11086
15167
12508
10477
12138
11299
56715
1613
2779
9683
4012
10878
9991
11178
15449
9989
1722
9290
8366
10829
6935
11088
4965
17612
1364
9597
11313
20857
9517
19666
11457
11456
6440
12658
11847
13166
11444
10984
12720
10877
8342
11091
10757
2084
9606
10881
10691
7501
16300
2575
2144
4241
9104
10596
27324
5852
1999
12600
23550
12308
31359
13403
10836
23685
11447
2029
12900
11065
16229
10646
10491
10050
19366
24940
441
14752
14543
19405
1583
14034
6173
16550
34205
15601
23949
16723
43557
26602
480
37632
18976
11370
16161
24478
14369
200813
13496
9523
15745
121
672
557
1894
425
640
2501
608
180
1576
3131
423
598
170
565
65
4108
2675
7299
36586
7451
11544
4547
320
9533
36669
4147
1817
10229
818
9016
9023
9637
11452
9334
2899
1574
6278
8346
10996
1429
2022
2757
79
245
2135
8470
455
9645
979
9488
8051
10590
10771
7303
2642
10775
201
590
1430
9357
11362
4614
11852
9884
1360
11529
437
9932
2755
9012
2103
11013
15370
12100
9298
9021
1537
16690
2752
2637
4689
8869
11812
2251
5851
8427
64
4912
1555
8665
11892
14128
9296
1957
12536
11979
10592
11442
3132
11880
38397
9573
10052
1958
10133
11870
11838
11888
15015
9707
11560
9613
9962
1809
17130
9266
9093
12448
11891
10985
10599
10894
13931
9557
11022
10712
15070
14008
11692
12093
13435
9039
20312
7090
9280
11857
3472
12079
10611
42432
13768
9026
12205
9275
33320
16643
10375
12590
25913
13497
14635
13683
10994
9689
12277
8094
11056
11535
2750
11468
10389
9544
16646
10426
14980
13376
21972
17187
9685
10550
12496
13536
12771
15028
9555
4911
18457
10167
8198
7342
14365
11246
10726
15917
2185
12112
13908
870
10575
9027
150004
9045
7294
10955
1956
16028
33875
39227
12224
122
22
12
24
36658
604
310
605
277
296
584
587
670
616
9654
153
508
1927
8961
9480
1584
322
10009
1996
8273
8698
2832
9358
10719
4256
9471
10330
470
9506
9919
9486
8619
9257
11007
1278
6038
9373
10601
10147
9902
4970
553
6466
1428
338
9620
9567
6171
9316
12279
2289
8424
11635
1647
10708
9341
7270
7288
10159
11615
504
10756
11423
55931
6964
1807
11820
12090
11775
14411
3635
8326
10588
10735
10327
2334
11329
11023
11547
11351
9562
2662
10028
10715
2116
18736
10782
10923
10610
10226
11817
14873
2055
13156
8409
25300
113
11078
10623
13654
246
4552
9662
4464
883
17473
325553
10152
9282
2056
10628
11093
10720
15016
1792
10632
2830
14926
10678
13398
10934
7229
11375
8965
12146
302
10727
13920
10739
11523
11194
13062
42433
10743
10922
11427
2771
10544
12767
15567
3177
1088
2577
9839
13537
2260
11647
4254
17684
8046
11059
11190
9694
26264
11197
246355
8696
10105
11659
10511
9616
13573
5889
10944
19766
32293
10744
8440
21683
5653
9582
11049
10929
20
14310
11042
5204
19277
13411
4997
14576
11420
13691
13370
9666
61630
9776
12698
5146
17813
1550
20694
13778
4972
12253
673
9806
558
393
38
2048
809
11036
652
2502
70
435
747
176
10625
1487
1824
163
1954
4935
594
2059
7131
10555
5255
2789
9509
2567
11774
8699
1538
693
4553
1577
866
395
36648
10096
6947
613
924
1586
9472
1966
615
1970
8920
2288
314
9470
10591
9477
5966
205
421
7220
9801
80
11247
11430
11130
12153
11282
10204
9352
14337
9384
3989
401
11836
10045
5528
4836
8193
9759
11024
9372
1677
9675
12242
9833
9550
14442
5137
5516
13700
1777
14462
2539
11358
2841
11081
10145
16617
9890
9541
2023
4380
83
11249
11823
1653
11137
2122
11866
438
11171
8849
11045
1599
21778
12140
10589
1280
11132
1913
140
14024
13932
3040
11128
10762
15165
844
11025
13673
57112
11237
1901
11099
4599
11026
1997
17111
10740
10304
13969
11636
14207
60672
21385
13476
11208
14292
10677
2791
12877
14844
13416
11162
56903
15775
13505
13193
15058
17047
10710
11658
8555
9805
5552
11184
9688
7548
13572
24653
15566
10718
7291
363
11633
11058
12924
14846
57825
11217
12657
12281
11169
10733
10891
27
9692
9893
11141
436
8953
11540
9953
8080
17825
12540
2517
540
14623
39386
11328
14648
33908
10296
272
674
1895
118
953
9738
787
411
187
74
254
6957
3933
561
1635
8488
142
4348
9522
9928
215
1830
7453
16320
1495
1640
116
9335
9392
9982
1690
1656
5236
10022
59
4442
6795
9291
9315
25
11283
2652
69
8202
10066
612
8643
9388
1904
533
10320
8923
7552
921
10065
9947
8814
8292
9007
9913
8274
11459
11451
11679
9641
10027
7214
2026
10982
11460
9722
11968
9667
11096
231
9923
10040
11931
10033
7364
1985
4379
10851
398
179
9779
11683
308
1667
4550
9270
8066
10214
10048
8976
9621
17350
11400
1696
8999
6519
8978
2800
257
4551
9885
6963
647
14199
5289
3291
9009
2313
11804
9043
20760
9763
340
14175
15657
13499
6961
13417
7553
11661
445
11638
11453
10707
16608
9681
11637
501
9787
15648
9042
8968
7873
791
1023
10060
13374
16553
11431
1544
9777
9981
11227
8053
11344
8982
10012
12142
9912
9687
1947
10070
1826
1833
9910
9899
546
11559
11648
11348
11421
9515
27902
10008
9074
13933
6439
42434
9701
10092
13498
168705
14177
14375
15487
10846
65215
1553
10077
2117
44894
15906
9927
1382
14517
13373
13461
10476
7233
7515
1665
868
13682
16367
9968
58
1271
1124
752
1422
920
36557
36668
350
1417
950
1593
591
1402
1372
9339
9693
956
9615
773
1491
388
496
834
7551
9836
1452
186
1581
1579
1427
1948
214
7518
588
9762
1164
10947
9286
2486
582
9297
11619
1381
1246
9767
4257
9792
1262
7484
9655
2044
9992
7512
1887
2207
503
1523
12096
1251
9036
7516
1255
3509
8275
3683
10025
9530
326
9718
82
9513
7457
9920
14069
1852
4474
512
7985
10781
2179
4977
219
1819
9697
6877
9788
2295
7549
4643
9293
9829
14191
11565
11798
9353
9906
9726
12225
9708
10795
1247
15152
1165
9035
1969
9952
7304
14202
10010
9986
12094
806
37725
37933
9954
1125
9676
1975
9075
10053
9754
9664
9072
1781
1259
13767
14620
1730
300
1440
9904
9957
7874
7859
9044
9907
33365
19100
11652
13060
10073
5820
9978
13043
6691
9900
9053
2266
9766
13205
1494
9796
3603
21435
11170
3093
12763
192040
9988
1254
5072
2269
9642
8736
12526
9592
16007
1116
10032
8975
11908
10069
11211
13198
10115
4441
9682
10118
1441
9794
4723
15255
13249
10832
10007
9918
13002
10067
13967
14113
9950
1378
10288
21427
14055
8998
42435
9843
9895
675
6479
285
2062
1858
559
5915
6977
2503
1979
35
810
7326
4638
1949
8363
1571
298
6637
1250
13885
4523
7345
4982
7485
5876
3021
23827
2268
1991
7737
6477
2270
4964
2698
5559
1562
5176
1272
1265
7350
1992
4347
3594
4771
8271
6023
663
1620
8329
6145
13649
4538
1738
2252
2310
5123
5174
1267
4513
4512
440
2976
1268
13363
11199
6537
1248
9408
3563
8461
4141
9955
11172
3432
14001
2196
7347
2082
6615
8277
4349
4566
285923
2011
1691
5723
10030
13680
9757
1407
14784
4688
38142
10431
9038
13483
7979
10294
23202
9963
1646
2284
7972
4858
7211
9793
6538
9760
1273
3638
2355
2001
12435
14139
2977
2335
3489
10074
4517
11835
54318
2013
6973
13186
2959
4413
8398
7183
16119
7942
10760
2359
4787
2312
4515
5375
9966
5708
8827
14636
13121
6418
5125
13252
1683
9703
8270
6575
15356
3902
1989
1257
7508
13025
13492
13161
13394
1534
4169
4588
6589
13016
13008
13474
9750
12246
13067
2009
14748
13312
4520
14047
54309
9815
13022
10172
12994
9785
10748
13958
14043
13640
13257
13195
7862
13258
10946
15137
14158
15206
6076
14125
13159
10758
13250
12473
1990
5951
60049
155
1726
10681
8681
8966
4922
9502
13223
1724
8960
10764
12405
8909
217
7191
11321
12162
10527
10201
8247
13053
2454
7446
11253
14574
11631
8065
1735
8321
14306
88751
14756
4944
10483
2253
10189
9870
3580
13387
10661
11665
10200
12133
5038
12163
13027
7555
6557
13310
12429
8645
10202
9029
12222
7840
12113
11917
11887
7735
8055
13809
4148
18533
10358
7461
6972
8848
9381
8328
8265
8390
13051
10139
2309
13600
8204
13813
9539
15373
12620
8456
8836
4564
10665
12184
13515
13335
2395
1729
8676
14359
13655
12180
13510
12783
10761
13971
4953
15157
12182
8338
11918
13389
21861
7278
13042
11260
13460
1266
7459
10488
10529
13523
13690
13812
12193
11499
13184
13179
8285
10360
12690
13056
8885
10185
13279
4960
9030
12797
14048
8457
11152
10199
13805
13090
13150
13012
13260
13413
13855
13648
13635
10188
13092
8090
8882
12177
14301
12689
14405
15362
8669
13596
18570
13220
8881
13291
13944
8780
12289
9022
16804
21755
13018
13676
13007
6687
7249
12245
15067
13401
10885
8841
13851
12572
8832
6933
24169
8617
14400
14859
14976
13989
14326
16353
12837
12889
10362
14248
6968
10186
11127
13253
12085
13672
12192
12914
15584
34494
13160
19995
14160
16869
18785
10528
767
14161
13475
2080
19908
17654
8373
19913
13183
18239
534
13804
8355
13448
18360
14869
18240
17431
22794
28178
31011
22881
22803
13811
14836
15512
12437
16996
11322
10198
21208
12244
22947
19959
10315
17979
22954
7980
20766
15472
16871
10184
20943
18487
10521
8054
19994
15092
19912
20453
22804
14560
24420
20048
19898
18501
10313
16614
23398
12556
17609
18947
37707
13455
7445
19901
10024
25376
22825
26466
28355
13207
19899
23488
16523
24238
16866
24803
24253
29917
17610
19585
37169
16538
23082
18480
8952
13836
28211
16995
10664
12573
14164
26123
34653
18126
22824
18405
33613
16577
24684
14254
25793
26505
26428
34647
21575
19458
32985
20829
18162
22832
19265
22798
22897
13788
38810
4959
21407
12403
25941
24418
37861
24480
26736
18320
11699
15159
26280
35554
15357
22327
18781
11323
31203
13532
14435
23706
15588
14451
26390
33273
26171
25769
25196
24150
34480
24438
37903
19918
33511
24469
22821
28874
20856
13576
11156
45650
17332
23128
25475
22787
23823
17134
16991
14979
24122
22949
4597
41479
46420
15189
22536
26691
19840
24804
25983
16558
17336
19833
34769
17927
30018
19255
23963
12569
25643
24056
22494
20178
26963
26688
62320
176241
10197
27205
10138
11324
20352
12444
12155
23483
44214
10193
10191
37799
38757
27578
20526
45269
39514
44115
24021
9543
37735
18823
20504
22538
32657
27576
10192
38055
49018
38365
41733
37710
34544
38575
44264
37834
10140
27022
23168
45317
20662
27581
35791
22971
43347
34851
44048
10196
23631
35056
39451
32856
23169
35690
46705
43539
23048
38408
27573
26388
44040
46838
37056
23437
41439
42188
37821
41436
41216
22972
51739
26389
43923
11439
37472
38167
41402
29427
38745
22894
31867
32823
41210
42297
41233
37950
43593
44363
43933
41283
7978
46146
39013
44603
34016
61979
43947
34813
49797
38778
42684
23023
46738
33909
23742
39781
12201
25195
27579
34806
47931
35019
49009
40662
45132
43949
37786
38357
38199
20533
48415
16290
37495
73861
48034
42949
23759
41211
22907
13477
38303
33217
44244
58857
23172
55347
35552
46261
51608
45657
41411
38358
40264
51620
44945
189197
45958
39452
43549
46503
52015
44639
37645
52077
40205
58496
40619
38073
48838
51241
27586
48289
41215
38843
36419
38031
44982
45649
38363
44629
34803
26022
23830
35558
42888
54186
44683
41515
58013
44249
44147
44835
52274
44129
41505
39210
45658
53457
45094
42296
43930
44113
42194
64956
44269
38277
41201
37931
38234
45162
27585
1771
10195
12445
77338
49538
1865
61791
56292
64690
58574
51876
45243
49530
38356
39254
45612
50619
44912
51497
50646
37686
65754
51540
50544
46195
44826
49013
59436
44896
17578
49849
49444
50014
39513
55721
38050
52449
23629
46529
50546
44943
60308
41630
39538
40807
59440
50456
48138
40805
41513
71676
94329
27582
74643
51828
8967
57212
58233
49730
59965
41446
65057
59108
10316
52451
62215
50348
74465
55779
76025
37958
55787
38117
60935
62835
49517
63311
72113
58224
83899
23047
88794
49520
62838
59678
64685
71859
72571
38321
49021
63492
48231
48988
37430
58151
71880
59860
47327
48171
71688
45772
50839
417859
55420
62206
64328
55301
38317
38319
70435
60243
55846
64720
74534
77949
71469
49020
68817
38684
73567
64678
49494
75900
69668
23514
70670
65759
50698
60420
74306
67913
59861
57157
59968
43959
51052
74308
50357
48340
50359
69798
55465
70578
38322
83389
77459
81025
74997
74998
57431
48572
44564
51999
49022
53319
61891
45610
71157
66129
51481
53487
50837
74018
50780
71670
75802
51162
49012
83564
62046
69735
60307
73937
56288
70954
38543
80767
49950
80184
73499
58428
71672
74725
82532
49010
50725
58232
77495
62630
70821
45156
50321
76758
65218
38541
80015
81250
64586
56909
65229
24428
68718
70160
49026
49051
37724
1930
87827
70981
82693
72105
62177
59967
82690
41154
64688
68734
58595
84892
83542
75780
76163
82675
57800
50620
76492
49040
64635
87502
62213
22970
114150
49529
44833
80278
76726
81188
49049
82695
80321
52520
76493
83666
97630
71552
57214
71679
82507
75174
57165
72976
59962
59961
72570
72331
65086
86838
62764
77016
58244
77930
72545
82633
73723
77877
103663
49527
62214
80271
89492
80035
49526
77174
72387
82525
77866
64689
84199
68722
140420
81796
88005
111969
96724
85446
76494
82990
77953
87826
82505
60747
81836
10679
103332
84332
80389
112336
77883
110420
93856
84174
72207
87428
127517
84329
61012
97365
112198
70436
86837
123025
75674
84175
80585
50647
71864
83686
75638
84348
90369
54054
72358
82881
72197
87825
97430
68812
80280
127493
79548
74387
49014
137182
86597
99770
83770
92591
103620
109689
75258
71668
60599
102780
93837
94348
85038
115290
97051
134597
84334
67660
82687
82696
77948
84287
76487
121875
98567
87496
104755
77875
75761
134366
106021
88273
133694
70667
111083
82390
119431
125509
103328
97614
123105
113160
82650
84188
139567
97434
102207
109513
82684
76589
146375
84330
123678
88042
98548
89185
80215
133469
89899
118957
133698
89691
111440
136403
113947
110160
133121
68721
106646
101299
49521
49047
75656
72190
109445
82992
76338
75612
68726
93456
57158
54138
152601
76170
64682
76203
62211
68728
68724
47964
60304
138843
146233
116745
109439
138832
152532
72559
117263
110415
168672
82654
81005
158015
82700
109424
49519
109414
57201
80274
96721
59859
122906
87421
117251
72710
107985
82682
138697
109428
76285
97367
107846
116741
123553
109431
122081
136400
134374
203833
136795
146216
193756
133805
132232
119283
64686
181886
109421
198277
49524
140823
91586
76640
158011
96936
109418
115782
160588
134411
132363
116711
152584
157547
77950
103731
112205
157386
109491
68727
109451
109443
204082
258216
77987
86825
149509
86829
4258
112949
87818
249397
137093
109410
179144
152742
107811
164457
109091
149870
124459
77931
212716
147773
152747
208134
220289
145135
129670
233063
87516
106747
102362
85889
132344
152603
98357
136418
205220
151960
146239
174772
146238
139038
152737
205321
70074
76617
183011
199373
169813
178809
157370
158999
64807
156700
142061
167032
87567
77663
157354
182219
126963
198375
184314
231176
192577
162903
169881
179826
172533
149871
121986
115348
209263
145247
129139
173185
150117
175774
174675
68179
121824
209403
209276
87499
239877
130150
144340
159117
313106
119675
190847
111190
76544
207768
198287
93828
44865
127560
162215
145197
172803
41602
209274
152599
175574
157336
118340
177572
127585
210577
240832
131631
205596
100402
245891
198663
137113
122917
157350
120467
102651
194662
119450
190859
244786
102382
228150
222935
242582
266856
187017
124905
82702
91314
137106
156022
195589
98566
53182
49017
86834
97020
228967
157353
225574
260346
238636
85350
206487
181533
147441
242224
138103
227156
225886
184315
200727
250546
224141
227159
136797
152760
188161
193610
227306
205587
249164
270946
76649
189
87093
212778
193893
137094
169917
100042
97370
284293
262391
244267
232672
172385
242512
225565
87492
68737
228970
116149
192102
265195
82703
168530
171274
154400
273895
216282
180299
210479
246741
256274
304410
239571
265177
239563
228326
229297
184346
197796
170687
100241
286554
171372
262543
243683
241848
204922
242095
254904
262551
254473
203739
238215
244458
241239
284536
226857
187596
144336
188207
157849
293310
228194
239678
72784
137321
218778
226486
283350
188166
196867
177494
227348
234200
256917
284427
244264
207933
110416
293299
252178
246080
157851
170522
244506
218043
269148
157834
230179
273271
288158
270302
246403
284276
112454
192132
282813
171424
245916
250219
248507
253306
141043
242828
184345
155084
146015
157847
284303
244761
157832
227783
297608
221902
164251
254375
113833
243684
145220
374430
200505
242643
231576
175112
279229
251519
157845
271674
244772
218836
238603
242310
157825
255343
266285
297270
76341
135397
140607
286217
99861
150540
281957
207703
102899
211672
264660
206647
273248
168259
131634
262500
87101
216015
177677
294254
198184
254128
264644
158852
76757
314365
318846
296098
256591
214756
257344
238713
273481
150689
166424
203801
307081
293863
254470
286565
312221
270303
257211
253412
105864
306819
321697
274479
201085
159824
228161
298312
272693
254320
277216
274854
205775
261023
167073
296099
271718
249070
241554
285783
238615
261392
328425
210860
277685
228205
241251
258480
280092
257445
266647
276907
295964
227719
308369
257091
274167
263472
243688
321741
201088
309809
192141
325348
257088
251516
339527
228165
222936
264999
228066
308639
280996
301351
265208
268920
326359
310593
283445
252838
282984
287424
227973
241257
287903
266294
318781
256961
181283
287948
296100
333352
273477
245706
277217
294016
243940
294963
306947
225728
188222
182560
318917
283587
291270
331781
304357
263109
245168
292431
146301
258509
330764
290764
314405
298382
86828
334074
319341
336804
286192
301875
266396
365222
347969
303857
331836
332340
252512
293646
320007
293970
299245
254302
223485
290751
308504
248574
243938
250734
335866
356296
336882
288036
335578
336004
239573
315465
318224
342878
323674
329263
310133
174751
325844
250124
336050
306952
193687
319075
254172
268238
272878
275601
245698
232572
344268
311291
308032
271714
157544
290762
307663
297556
310135
167810
293660
297761
271110
209112
284052
329865
259316
330459
269149
246655
313369
381288
127380
274870
277834
291805
324786
328111
283366
278927
121856
296096
188927
333371
47933
258489
290250
335797
68735
223702
324668
333484
207932
328387
381284
43074
363676
302946
262504
340666
259693
299687
376867
346685
300669
241259
343611
334543
302699
140300
267860
334533
332567
290595
346672
334541
345920
311324
296524
325133
369885
310131
308266
291870
316727
338766
302401
376659
270487
372058
205584
356305
278924
278154
345911
259694
173897
321258
303858
136799
258230
153518
267935
396535
313297
308531
95610
301365
300671
376660
310307
316023
397243
381341
376570
347031
382591
339397
146198
68730
329833
379170
393457
267193
376866
335796
332210
245703
294272
313922
369557
319888
303991
58431
271969
388399
331313
364433
314095
213681
351211
325789
300673
323675
384682
302156
318121
330483
337674
309886
323677
399106
290098
393519
329440
374416
382322
411088
375366
324670
389053
342473
377264
371645
316152
323676
259695
301804
342521
334524
338189
283552
295699
315664
283378
333385
333669
353069
368031
374617
341012
270010
279641
376290
345009
351819
370755
410199
168098
353326
348893
302688
381356
341006
335778
322240
293670
339419
364116
374475
374473
340676
337703
382399
351339
332872
369776
382511
378064
393559
286567
347938
378018
339396
369778
342737
337556
380124
262841
392142
263115
297762
321612
283995
315635
346364
337339
293167
166426
419430
374720
324552
126889
339403
315837
281338
341174
282035
284053
295693
324852
395992
339846
335984
274857
335988
141052
324849
47971
343668
341013
396422
305470
339964
353491
339988
14564
390043
351460
340837
260514
387426
180863
417678
397837
406990
401104
381283
400928
381289
440021
392044
365942
403119
353070
378236
337170
417870
395834
415842
274855
339967
402529
418078
343674
398929
399019
339692
397422
298250
416477
354912
345938
324542
419479
399170
137116
345922
376134
412105
414190
433251
419680
269795
293768
417644
432517
292280
372343
354287
452507
334521
425591
459202
390062
417320
382597
373569
353569
268531
316154
324560
382589
440597
455661
456508
330947
393345
407448
289222
291276
390051
300665
408220
406385
433422
203835
428449
434616
461438
451945
400136
346671
420648
350312
405775
354556
430424
404733
435921
345914
347882
382614
420245
306943
390054
354216
398920
460846
429200
370663
290512
345915
418437
421447
432068
424488
363126
339877
483104
363992
406997
410117
398924
408648
399057
297160
420950
413998
419700
430365
395458
427900
396398
339404
411019
379149
400710
408647
76812
472424
274862
431530
369192
423899
451955
301372
425134
455656
419511
395814
401246
346681
412202
339259
413594
471014
406994
395991
354282
411626
449674
436931
457962
397538
340101
375183
433244
435707
336000
